sex,age,population_number,deaths_number_crdd,deaths_number_pdri,deaths_number_cyri,deaths_number_mtri,deaths_number_mvri,deaths_number_otri,deaths_number_strk,deaths_number_iscs,deaths_number_copd,deaths_number_allc,deaths_number_lwri,ylds (years lived with disability)_number_crdd,ylds (years lived with disability)_number_pdri,ylds (years lived with disability)_number_cyri,ylds (years lived with disability)_number_mtri,ylds (years lived with disability)_number_mvri,ylds (years lived with disability)_number_otri,ylds (years lived with disability)_number_tbalc,ylds (years lived with disability)_number_brsc,ylds (years lived with disability)_number_utrc,ylds (years lived with disability)_number_carc,ylds (years lived with disability)_number_ishd,ylds (years lived with disability)_number_strk,ylds (years lived with disability)_number_iscs,ylds (years lived with disability)_number_copd,ylds (years lived with disability)_number_adaod,ylds (years lived with disability)_number_stmc,ylds (years lived with disability)_number_lvrc,ylds (years lived with disability)_number_allc,ylds (years lived with disability)_number_lwri,ylds (years lived with disability)_number_dmt2,prevalence_number_crdd,prevalence_number_pdri,prevalence_number_cyri,prevalence_number_mtri,prevalence_number_mvri,prevalence_number_otri,prevalence_number_tbalc,prevalence_number_brsc,prevalence_number_utrc,prevalence_number_carc,prevalence_number_ishd,prevalence_number_strk,prevalence_number_iscs,prevalence_number_copd,prevalence_number_adaod,prevalence_number_stmc,prevalence_number_lvrc,prevalence_number_allc,prevalence_number_lwri,prevalence_number_dmt2,incidence_number_crdd,incidence_number_pdri,incidence_number_cyri,incidence_number_mtri,incidence_number_mvri,incidence_number_otri,incidence_number_tbalc,incidence_number_brsc,incidence_number_utrc,incidence_number_carc,incidence_number_ishd,incidence_number_strk,incidence_number_iscs,incidence_number_copd,incidence_number_adaod,incidence_number_stmc,incidence_number_lvrc,incidence_number_allc,incidence_number_lwri,incidence_number_dmt2,deaths_number_lvrc,deaths_number_tbalc,deaths_number_brsc,deaths_number_carc,deaths_number_ishd,deaths_number_stmc,deaths_number_dmt2,deaths_number_utrc,deaths_number_adaod,age_cat,sex_age_cat,deaths_rate_crdd,deaths_rate_pdri,deaths_rate_cyri,deaths_rate_mtri,deaths_rate_mvri,deaths_rate_otri,deaths_rate_tbalc,deaths_rate_brsc,deaths_rate_utrc,deaths_rate_carc,deaths_rate_ishd,deaths_rate_strk,deaths_rate_iscs,deaths_rate_copd,deaths_rate_adaod,deaths_rate_stmc,deaths_rate_lvrc,deaths_rate_allc,deaths_rate_lwri,deaths_rate_dmt2,ylds (years lived with disability)_rate_crdd,ylds (years lived with disability)_rate_pdri,ylds (years lived with disability)_rate_cyri,ylds (years lived with disability)_rate_mtri,ylds (years lived with disability)_rate_mvri,ylds (years lived with disability)_rate_otri,ylds (years lived with disability)_rate_tbalc,ylds (years lived with disability)_rate_brsc,ylds (years lived with disability)_rate_utrc,ylds (years lived with disability)_rate_carc,ylds (years lived with disability)_rate_ishd,ylds (years lived with disability)_rate_strk,ylds (years lived with disability)_rate_iscs,ylds (years lived with disability)_rate_copd,ylds (years lived with disability)_rate_adaod,ylds (years lived with disability)_rate_stmc,ylds (years lived with disability)_rate_lvrc,ylds (years lived with disability)_rate_allc,ylds (years lived with disability)_rate_lwri,ylds (years lived with disability)_rate_dmt2,prevalence_rate_crdd,prevalence_rate_pdri,prevalence_rate_cyri,prevalence_rate_mtri,prevalence_rate_mvri,prevalence_rate_otri,prevalence_rate_tbalc,prevalence_rate_brsc,prevalence_rate_utrc,prevalence_rate_carc,prevalence_rate_ishd,prevalence_rate_strk,prevalence_rate_iscs,prevalence_rate_copd,prevalence_rate_adaod,prevalence_rate_stmc,prevalence_rate_lvrc,prevalence_rate_allc,prevalence_rate_lwri,prevalence_rate_dmt2,incidence_rate_crdd,incidence_rate_pdri,incidence_rate_cyri,incidence_rate_mtri,incidence_rate_mvri,incidence_rate_otri,incidence_rate_tbalc,incidence_rate_brsc,incidence_rate_utrc,incidence_rate_carc,incidence_rate_ishd,incidence_rate_strk,incidence_rate_iscs,incidence_rate_copd,incidence_rate_adaod,incidence_rate_stmc,incidence_rate_lvrc,incidence_rate_allc,incidence_rate_lwri,incidence_rate_dmt2
female,Under 5,927275.323246633,9.465395072022384,2.692982238140295,0.19103981245206228,0.15823471485993215,2.1255993648158418,0.10504707151359688,0.7577382166608794,0.21531797163598132,0.8294172149075274,724.7504447231256,30.282248736472468,53.75759338259999,8.36605158336,5.6189112112199995,5.06718841527,15.673559739209999,3.9965299925999997,0,0,0,0,0,24.25505247684,16.86953029731,26.27372683032,0,0,0,25041.56388324,32.9112117648,0,128.5145066814,121.073637483,90.0421421268,76.7247352752,185.3921519343,65.66727329880001,0,0,0,0,0,0,118.7649846624,356.118544743,0,0,0,600213.22383,521.1996681630001,0,276.3257525049,423.58730008500004,445.32678753000005,234.6574463733,892.0092927210001,309.608539602,0,0,0,0,0,60.065104535399996,38.836885550699996,119.97819849929999,0,0,0,6588043.4703,20152.628404590003,0,0,0,0,0,0,0,0,0,0,2,female_2,1.0207750421828939e-5,2.90418840082087e-6,2.0602275037707465e-7,1.706448029975726e-7,2.292306622992579e-6,1.1328574036220402e-7,0,0,0,0,0,8.171663773040353e-7,2.3220500560944174e-7,8.944670413567366e-7,0,0,0,7.815914287307733e-4,3.2657235642210784e-5,0,5.7973712914499463e-5,9.022187233526574e-6,6.059593165433028e-6,5.464599659061832e-6,1.6902811221518086e-5,4.309971259244886e-6,0,0,0,0,0,2.6157336304299273e-5,1.8192579781208206e-5,2.833433196337936e-5,0,0,0,0.027005532505235817,3.549238391200712e-5,0,1.3859368782880705e-4,1.3056924351129024e-4,9.710399907067402e-5,8.274212992810665e-5,1.9993215314432572e-4,7.081744941608252e-5,0,0,0,0,0,0,1.2807952685139163e-4,3.8404833582342723e-4,0,0,0,0.6472869586656278,5.620764999311573e-4,0,2.979975262766741e-4,4.5680855455304287e-4,4.8025303420217704e-4,2.530612435060851e-4,9.619681127691855e-4,3.3389062756245864e-4,0,0,0,0,0,6.477591178108395e-5,4.188279853573793e-5,1.293878910518453e-4,0,0,0,7.104732871822297,0.021733165867102326,0
female,5 to 9,877341.5007632661,1.8744733085895664,1.8739580128402662,0.3014941771708781,0.11837647116660138,1.1678773228202888,0.10207524148183586,0.2919412228572649,0.03229297888718391,0.3849560308096697,53.445680895550296,2.793249773940995,102.8721277368,31.682551251,31.2921370365,15.92728386258,52.2109409202,13.18978710999,0,0,0,0,0,67.33457865209999,45.5489955816,77.5030339953,0,0,0.19484417767110002,32049.0986001,15.90764783169,0,122.37883199249998,509.487610275,529.40801976,263.9998609092,672.4382554800001,226.3773446907,0,0,0,0,0,117.4839181275,323.064081633,1074.92616342,0,0,0,704372.465796,249.62840908049998,0,232.3824138156,918.0395699129999,1732.933798515,417.61390494299997,1956.3070188630002,667.0619257200001,0,0,0,0,0,53.478175552500005,31.4675146389,144.3782881053,0,0,0.9238804648710001,5798230.56303,10493.703100530001,0,0.2558164907789856,0,0,0,0,0,0,0,0,7,female_7,2.1365378327125976e-6,2.135950495001054e-6,3.4364517911051214e-7,1.3492633263514457e-7,1.3311547690429136e-6,1.1634607663382256e-7,0,0,0,0,0,3.327566547385289e-7,3.680776397684344e-8,4.387755856468287e-7,0,0,2.915814315821506e-7,6.09177621816064e-5,3.18376569615245e-6,0,1.1725437318000312e-4,3.611199427296775e-5,3.566699741124362e-5,1.815402992873772e-5,5.951039689194884e-5,1.5033811917611558e-5,0,0,0,0,0,7.674842532072234e-5,5.191706483960176e-5,8.833850208598843e-5,0,0,2.2208476118089733e-7,0.03652978751400458,1.8131648642918094e-5,0,1.3948825159420058e-4,5.8071755391915e-4,6.034229764572036e-4,3.009088942897679e-4,7.66449842957383e-4,2.580264862584947e-4,0,0,0,0,0,1.3390899441698793e-4,3.6823070760011006e-4,0.001225208385201019,0,0,0,0.802848679998852,2.845282126325145e-4,0,2.6487110619232405e-4,0.0010463879448473913,0.0019752101057654166,4.7599925978616747e-4,0.0022298124700143103,7.603218645643369e-4,0,0,0,0,0,6.095479981965435e-5,3.58668940333086e-5,1.6456338606995604e-4,0,0,1.0530454379135675e-6,6.608863889358566,0.01196079644175128,0
female,10 to 14,753475.5385971114,2.4685999506325436,3.187258566951873,0.6395215204015785,0.15219768403688785,1.6120044532668076,0.13153957280885595,0.5416704011835354,0.04852007941459063,0.5161309771220075,67.72568276053951,2.6834162223919598,156.7810298694,56.5861417041,65.340148296,29.000210235270004,91.9009188015,23.3886218811,0,0,0,0,0,93.6811501131,62.450500464899996,125.1000043722,0,0,0.2674136782185,42581.159430600004,8.32261008891,160.5370885989,833.682184086,974.1486333749999,1171.491534342,499.41492786000003,1246.995299316,409.11030055500004,0,0,0,0,0,256.4233339743,440.73397872,1770.6944193900001,0,0,0,657086.0246669999,131.3276060172,3223.12883649,176.1177571776,986.4596728829999,2248.200726039,560.096753133,2461.4078256450002,826.099860084,0,0,0,0,0,41.9655594129,24.36600713157,257.92773942270003,0,0,1.2443614064369999,4128715.7357099997,5907.04980321,1627.217074011,0.3629338042666002,0,0,0,0,0,0,0,0,12,female_12,3.2762841315708875e-6,4.230075700780145e-6,8.487621530385675e-7,2.019941938928279e-7,2.1394250651695777e-6,1.745770978229342e-7,0,0,0,0,0,7.188958014377828e-7,6.439502933954523e-8,6.850003094765181e-7,0,0,4.816796109165575e-7,8.98843814978218e-5,3.5613846567443795e-6,0,2.080771330165662e-4,7.510017088206629e-5,8.671834047546675e-5,3.8488588878764675e-5,1.2196934617493942e-4,3.1040983659067476e-5,0,0,0,0,0,1.2433203908321166e-4,8.288324871325745e-5,1.6603061143182228e-4,0,0,3.549069140537659e-7,0.05651299511312795,1.1045627445856817e-5,2.13062110679535e-4,0.0011064489042845699,0.0012928736016948308,0.0015547837644778603,6.628150514213849e-4,0.0016549910852285505,5.429642763409658e-4,0,0,0,0,0,3.4032071492557287e-4,5.849346875156666e-4,0.0023500357061183945,0,0,0,0.8720734662341154,1.742957790795937e-4,0.004277682116251726,2.337405106813579e-4,0.0013092126052554798,0.0029837740057559172,7.433509443131208e-4,0.0032667388648447314,0.001096385772021355,0,0,0,0,0,5.5695981174166926e-5,3.2338152844267287e-005,3.42317336410062e-4,0,0,1.6514954271161399e-6,5.4795617431684835,0.007839736661137372,0.002159614998305983
female,15 to 19,708239.3579020271,4.015228779499502,3.4059482925496134,0.7147149800450638,0.6737582141497713,6.949936303754686,0.2149564715135407,0.7810587225691437,0.07786532447295949,0.38062086237905357,83.57572711553368,2.027665466302631,346.597678287,77.9370502017,91.9496746413,49.346651046000005,144.9639032211,35.8191204297,0.0754655099334,1.222219903524,0.6614188776209999,0.5968517791350001,3.11014258257,118.98005984790001,77.8381136982,242.0006252499,0,0.085513408545,0.46947920076899996,64769.010720900005,8.34156734613,807.1098555210001,4011.31574355,1413.106606842,1727.6496698730002,883.59647505,2102.3744793240003,658.5738657960001,0.438254806134,15.34191220101,9.87913638858,5.40600278163,82.2964843173,482.277734391,560.992947642,3501.86364525,0,0.821732219841,0,672995.080173,133.37308212899998,15452.320874789999,222.33739933229998,847.1436907379999,1912.6643980109998,672.190410639,2820.257896179,849.495182421,0.2673023227968,1.487746881669,1.149213637728,0.759385407756,11.24089138068,37.198726679400004,20.417919163889998,492.68756501100006,0,0.2367725037288,2.180268810114,3902261.33208,6049.13808006,2703.818510481,0.5164161955444672,0.17959878397807905,0.10707795892909915,0.14171195719053592,0.21977760973214466,0.07587842492181535,0.07105457163582396,0.05948618035599146,0,17,female_17,5.669310431142321e-6,4.8090356099932655e-6,1.0091432678384594e-6,9.513142790392261e-7,9.812976681135097e-6,3.035082265835843e-7,2.535848678476345e-7,1.5118894161190003e-7,8.399163318486511e-8,2.0009048580739758e-7,3.1031544248427264e-7,1.1028174498559708e-6,1.0994210305342963e-7,5.374183997717139e-7,0,1.0713669619630463e-7,7.291548962687055e-7,1.1800491766385986e-4,2.8629663738387217e-6,1.0032564675070367e-7,4.893792958833925e-4,1.1004337634181759e-4,1.2982852988243515e-4,6.967510417971756e-5,2.0468207761076347e-4,5.057487984825459e-5,1.0655368003967858e-7,1.7257158754132292e-6,9.338917277631668e-7,8.427260819040283e-7,4.391372136932604e-6,1.6799413718032722e-4,1.0990368274473612e-4,3.416932743850373e-4,0,1.207408308941076e-7,6.628821111547777e-7,0.09145073624933973,1.1777892958165585e-5,0.0011396003999436727,0.005663785412085074,0.001995238743901436,0.002439358460663226,0.0012475958377509862,0.002968451916526825,9.298747075379318e-4,6.187947637253805e-7,2.166204409545437e-5,1.3948866690837888e-5,7.63301660845828e-6,1.1619868819643361e-4,6.809530266993648e-4,7.920951319392841e-4,0.004944463487066506,0,1.1602464769469542e-6,0,0.950236770470609,1.8831639422593326e-4,0.02181793584666551,3.139297426097811e-4,0.001196126254896989,0.0027005903818685894,9.491006156875938e-4,0.003982068865154956,0.0011994464483552653,3.774180576304215e-7,2.1006272315563753e-6,1.622634530128689e-6,1.0722157689816613e-6,1.587159941799646e-5,5.252281769484183e-5,2.8829122437325027e-5,6.956512081882281e-4,0,3.343114175837054e-7,3.078434975108519e-6,5.509805814293381,0.008541092799444218,0.0038176620380013216
female,20 to 24,911842.1487762639,10.271907344827474,3.0832438884115847,0.9139367885842029,0.9548420461626553,9.899339918667238,0.3114763757265323,2.4259369144815275,0.22199405936193073,0.6315558211839798,151.79472066425325,3.8542189018082764,567.006688575,129.8116391238,156.8147181807,92.3765748036,261.1637836854,64.21756041660001,0.2347044833436,9.7974819299100009,1.435273642092,4.06449862791,17.33721817092,197.5055081685,126.91225887299998,575.517155586,0,0.389537890485,0.7436329964130001,104261.60685089999,11.4197328327,1871.455819074,6732.23412879,2433.609488997,3058.27300953,1732.399233666,3924.4669741199996,1211.7184014,1.490327806674,118.9772372304,21.45634349103,38.3312732682,350.997301164,812.6056976340001,913.9856860350001,8460.195837809999,0,3.8306832473099997,0,890384.058594,183.5153614515,33834.2202138,534.8327801309999,861.890783739,1916.717174448,828.866155833,3896.48925264,1010.0897139030001,0.800008497939,11.99033747106,2.490571725105,5.30946212598,33.2803480341,61.5841501764,30.8494589238,941.0855370900001,0,1.0560279511739998,3.47483272989,5298361.468859999,8261.60236848,2217.9158755500002,0.7595627419636097,0.46254976450115526,0.7424620609506571,0.8535213533628494,0.8280366879470141,0.3143377528240442,0.12136816201598394,0.11391378079034276,0,22,female_22,1.1265006074365906e-5,3.3813351275211906e-6,1.0022971517721024e-6,1.047157172372542e-6,1.0856418440354648e-5,3.4159023702134035e-7,5.072695587958062e-7,8.142440683917463e-7,1.249270840827226e-7,9.360406891788411e-7,9.080921396957568e-7,2.660479028894696e-6,2.4345667685997783e-7,6.92615297539775e-7,0,3.4472825504491166e-7,8.329980611040842e-7,1.6647039278450669e-4,4.2268488103788835e-6,1.3310216267022297e-7,6.218254873784352e-4,1.423619639627467e-4,1.7197572890346525e-4,1.013076385288548e-4,2.864133710378429e-4,7.042618122312405e-5,2.573959579062941e-7,1.0744712714869228e-5,1.5740373967338605e-6,4.4574586000052235e-6,1.9013398529764588e-5,2.166005469626096e-4,1.3918226860133888e-4,6.311587552279434e-4,0,4.2719882055000265e-7,8.15528211117452e-7,0.11434172788659099,1.2523804529134599e-5,0.002052390122112236,0.00738311355515314,0.002668893395927158,0.0033539500379910596,0.0018998894008035966,0.004303888539685102,0.0013288686019024064,1.6344142554433262e-6,1.304800807794125e-4,2.3530765187620958e-5,4.203718079893808e-5,3.849320868036812e-4,8.911692651239648e-4,0.0010023507766795084,0.009278136406793642,0,4.201037704224313e-6,0,0.9764673192492124,2.0125781825043563e-4,0.03710534795875268,5.865409718653292e-4,9.452192848243514e-4,0.0021020273925923764,9.090018014032124e-4,0.004273205902873952,0.0011077462423277856,8.773541550065984e-7,1.3149575819840759e-5,2.7313628005104474e-6,5.822786469243118e-6,3.649792683828427e-5,6.753817013070617e-5,3.3832016830107556e-5,0.001032070669636167,0,1.1581258363536279e-6,3.8107831871485574e-6,5.810612588999812,0.00906034271344823,0.0024323462986730214
female,25 to 29,1253232.806384629,16.038116817084095,2.4419887803633693,0.7816500423483257,0.7381805853278409,8.46518933123053,0.27578035345522156,4.066466861490372,0.42459656822412617,0.8207740378825293,222.03706765317997,5.607252590879629,1250.221780548,212.20664953230002,264.39474351,159.4005807423,475.192540281,112.0187987967,0.793608311964,88.4469884916,4.8484294629299995,11.33609544672,47.5411925028,350.421143325,218.3519622732,1284.1962880199999,0,1.500304307901,1.1067538339379999,159689.3907939,16.21475248233,3206.5453416299997,17271.92461191,4060.0461527099997,5219.168972789999,3050.123817,7435.3386894,2149.986588033,5.74663251426,1044.637911462,72.5368652523,111.5657066748,1014.0378582660001,1663.428379434,1573.315189947,19117.10210799,0,14.79849844032,0,1235281.9774139998,260.1108131688,55019.743468199995,1338.404708904,933.1711838849999,2225.683543392,931.429020402,5095.48553631,1247.86477527,2.5322337794700003,117.06615759599998,8.413627615349998,15.47639390826,57.6688648854,126.21266991389999,59.3166192798,1695.418213587,0,4.04744565657,4.0455566952,7318998.0845099995,11722.68787521,1101.661027764,1.4168911568297247,1.2752841881972459,6.3898317687574835,2.668091582241367,1.5647643337241202,1.2393717851897434,0.24172182967949848,0.3242897641145851,0,27,female_27,1.2797396250223795e-5,1.9485515922680847e-6,6.237069747665302e-7,5.890211152845342e-7,6.754682201187512e-6,2.2005516616725236e-7,1.0175955989184733e-6,5.098678981434502e-6,2.587625878148752e-7,2.1289672346978957e-6,1.2485823270444126e-6,3.2447816884250427e-6,3.388010320676312e-7,6.549254326100253e-7,0,9.889397874646511e-7,1.1305889453350835e-6,1.7717144533881175e-4,4.474230615663207e-6,1.928786323243694e-7,9.975973930611381e-4,1.6932739747252656e-4,2.1097017422703403e-4,1.2719151615743648e-4,3.7917339688214234e-4,8.938387043972767e-5,6.332489126688517e-7,7.057506637314661e-5,3.868738065449246e-6,9.045482522455484e-6,3.7934845194444387e-5,2.796137649284074e-4,1.7423096583555738e-4,0.0010247068872420403,0,1.1971473298956573e-6,8.831191046863854e-7,0.12742196819326623,1.2938340266647582e-5,0.002558619057284621,0.013781896327575932,0.0032396583715539385,0.004164564593426536,0.0024338046382611916,0.005932926948225789,0.0017155524313438285,4.585446921740017e-6,8.335545527854548e-4,5.787980085005671e-5,8.902233176982395e-5,8.091376583025566e-4,0.0013273099546705274,0.0012554053659716712,0.015254230507370533,0,1.1808259698380574e-5,0,0.9856763812125103,2.0755187052529927e-4,0.043902252788069696,0.001067961756255869,7.44611200034769e-4,0.0017759537829309877,7.432210644796475e-4,0.004065873084674218,9.957166528937948e-4,2.0205613566525434e-6,9.341134145196584e-5,6.713539234279968e-6,1.2349177127677383e-5,4.601608303868553e-5,1.0070967602420401e-4,4.7330886151088485e-5,0.0013528358058851038,0,3.2296039777686768e-6,3.22809670684473e-6,5.840094551645282,0.009353958670319228,8.790553695622692e-4
female,30 to 34,1319859.2368435077,30.280534261210775,2.28052589551801,0.6514171780321789,0.5959788074281641,7.03620458653453,0.22668859575719735,8.377644975011078,0.6581167266275443,1.3362374187731059,345.50454712758625,8.42599139091259,1653.4948581989997,254.5291161591,325.686798015,202.85701407,609.601902297,142.4524846098,2.447542280955,235.6705553553,8.80517124198,28.965792043289998,93.47706933810001,480.57174054000006,280.5904320204,2030.8342927439999,0,4.11542748984,1.741757215344,179247.6211386,17.404501972920002,3705.51903795,24028.40563782,4995.4023018299995,6524.719544490001,3956.76347601,9811.66772802,2775.596408253,16.381411370370003,2818.095415596,132.6991728687,308.76836391,2060.44907457,2846.890357947,2119.441811997,30467.2870338,0,41.153189341499996,0,1306049.456673,280.72555891589997,60774.2098236,2514.940581912,781.510484565,2134.256803593,782.010234717,4501.29420657,1126.40141262,8.13624805443,320.94956474699995,15.415537156320001,43.0429159839,129.0989802291,247.1615048616,109.91835695820001,2438.187839817,0,10.9509629871,6.20330937363,7464687.347130001,12672.43542759,999.347127336,2.046992925216535,4.5423354242478515,27.217396561835454,7.221996209551701,5.408985634051447,3.43031689258146,0.7021315496211028,0.6549156248013651,0,32,female_32,2.2942245215200218e-5,1.7278553893155849e-6,4.935504937557335e-7,4.5154724897290523e-7,5.331026514131821e-6,1.7175210009465215e-7,3.4415302006833814e-6,2.062143886413741e-5,4.962011148761743e-7,5.471792754826926e-6,4.098153411410172e-6,6.347377615090626e-6,4.986264506520065e-7,1.0124090368672703e-6,0,2.59900207296741e-6,1.5509176039954035e-6,2.6177378426647465e-4,6.384007593918621e-6,5.319745697278116e-7,0.0012527812148766667,1.928456528196263e-4,2.4675873678309214e-4,1.5369594605795997e-4,4.618688760741529e-4,1.079300584738721e-4,1.8543964482215453e-6,1.7855734064407873e-4,6.671295692893655e-6,2.19461221581195e-5,7.082351415114075e-5,3.641083284678942e-4,2.1259117956505907e-4,0.001538674910213013,0,3.118080606597259e-6,1.3196537681620328e-6,0.13580813478812886,1.3186634973698796e-5,0.002807510781840559,0.018205278992693814,0.003784799289488392,0.004943496520200222,0.002997867776773489,0.0074338743512414,0.0021029488075493125,1.2411483674233894e-5,0.0021351484589641387,1.0054039791853486e-4,2.3394037431478753e-4,0.0015611127437329152,0.002156965135733295,0.0016058089778313964,0.023083739677167123,0,3.117998358667351e-5,0,0.9895369295565682,2.1269355934293839e-4,0.04604597833398035,0.0019054612126112582,5.92116539968316e-4,0.0016170336532986306,5.924951789459053e-4,0.0034104350531614356,8.534254117233219e-4,6.164481656307637e-6,2.4316954095389954e-4,1.167968274646229e-5,3.261174736090701e-5,9.781268837262146e-5,1.8726353383918115e-4,8.328036345835926e-5,0.0018473089945924967,0,8.297068870230157e-6,4.699977998006397e-6,5.6556692855990285,0.009601353745795347,7.571618998750016e-4
female,35 to 39,1187452.8028790562,50.424945312021215,2.1559868504025532,0.6009983556398311,0.5836869257576822,6.224602104157382,0.2257165509968015,14.344444097091266,0.9306161320526415,2.558812201670916,492.9428889084513,12.94889241296531,1622.3463257399999,253.1770696803,337.935936663,208.5830591829,631.8245813159999,143.7825487446,4.86874103124,448.56389859300003,17.070170461289997,44.146883824499994,151.53552863160002,619.8721199009999,344.94367150799997,2691.5920384769997,0,5.2829120673,2.196340040496,172963.3817277,16.00786890852,3654.27699792,23949.390239549997,5006.26153611,6742.91580624,4106.10237351,10406.620356899999,2810.893095177,32.4322658658,5549.366101170001,263.3590845249,491.80598123699997,3592.24283466,4131.73535709,2640.645817566,40807.6132536,0,50.51985272099999,0,1177966.211415,257.8159302675,57835.483584600006,3669.8771677799996,625.0159619130001,1837.5057849630002,620.15330679,3194.1406678799995,826.14752988,16.22354885211,626.155597875,30.541512278699997,67.9228867059,227.9000363832,388.733598144,168.2243788815,3312.9926670000004,0,14.66720035941,7.35768710472,6516604.75725,11656.126392780001,1252.491026322,3.2550332692593944,10.220401602297951,63.57353155085026,12.328702225548785,12.161789686956947,5.344651633402573,0.9899449888222688,1.2947814276298641,0,37,female_37,4.246479960278225e-5,1.815640036534693e-6,5.061239943033287e-7,4.915453686601232e-7,5.241978535117717e-6,1.9008465048003348e-7,8.606996065458708e-6,5.3537733370717655e-5,1.0903855921604486e-6,1.0382477683034685e-5,1.024191416911047e-5,1.2080011990634266e-5,7.83707891207383e-7,2.154874867840566e-6,0,4.50093815976864e-6,2.7411895962242503e-6,4.1512630035760525e-4,1.0904763862251942e-5,8.336710195319621e-7,0.0013662406807298077,2.1321021691679518e-4,2.8458894184564846e-4,1.7565587337633703e-4,5.320839529656255e-4,1.2108485355880242e-4,4.100155407806881e-6,3.777530336409395e-4,1.4375451739978434e-5,3.717780085024265e-5,1.2761393822490657e-4,5.220183222424334e-4,2.904904267956265e-4,0.0022666939114978388,0,4.448944879738578e-6,1.8496230209494065e-6,0.14565916330176584,1.3480846455293115e-5,0.0030774082044018668,0.0201687091743631,0.0042159667516654085,0.005678470579960201,0.003457907854151751,0.008763818091690443,0.0023671619523418595,2.7312467314208928e-5,0.004673336142468318,2.2178488600672707e-4,4.1416886637059134e-4,0.003025166832694634,0.0034794943824902687,0.002223790125522112,0.0343656717594664,0,4.254472480801876e-5,0,0.992010973875294,2.1711678109850646e-4,0.04870550092127799,0.0030905457116966206,5.263501508418763e-4,0.0015474347953096312,5.222551206131293e-4,0.002689909577993836,6.95730834839879e-4,1.3662478889918786e-5,5.273098824280386e-4,2.57201904822239e-5,5.72004938143365e-5,1.9192344809885632e-4,3.2736762017108404e-4,1.4166826544484892e-4,0.0027899994500559812,0,1.2351817540746397e-5,6.196193302909229e-6,5.48788527969286,0.009816075522765172,0.0010547712071463003
female,40 to 44,945239.3153848208,92.9866640716399,2.632078742467879,0.5811467012480265,0.540086059456705,6.0761574390368445,0.22487418237634754,26.069110448312077,1.8029338047746952,7.840918337221091,771.5560718322997,21.265699571502008,2139.036678876,222.7999249422,307.075671984,187.82720773530002,558.383594418,126.5013030594,12.985664713799999,816.557459034,37.1380009089,76.6771296111,221.1963203331,714.946640094,388.84289732400003,3109.8699167699997,9.17171289411,8.51310429081,3.5076225246,148392.5724795,12.911539989209999,3372.8056475699996,44422.9261158,4442.2339479,6113.37955998,3706.04137956,9283.70596866,2505.396363012,85.636771827,10211.58235086,576.634012014,886.683182223,5425.5131384999995,5346.97644282,3029.98839141,47815.3730145,68.8707266832,79.9293228303,0,940006.6042439999,208.16609521229998,51671.2216107,5966.49723315,480.766325079,1430.550627741,446.666727399,2042.3448161820002,531.624629121,43.4773949877,1143.919469505,66.9892023429,122.84504818439999,354.958926336,491.802748146,216.53560606349998,3479.40027252,40.8967001949,24.001134537749998,11.64842183787,4941671.06724,9451.80650184,2335.887167826,5.622630588422298,30.58127431050682,121.72503388542992,23.27619670659746,26.432476489524696,10.068320143834075,1.5103831051069296,3.2589956730335996,1.305408514574968,42,female_42,9.837367379686662e-5,2.7845633371653835e-6,6.148143563108493e-7,5.713749424788028e-7,6.428168338050086e-6,2.3790185058563497e-7,3.2352943654334494e-5,1.287769477043746e-4,3.447799536043224e-6,2.462465994352063e-5,2.7963792935087182e-5,2.7579375956975466e-5,1.907383427064388e-6,8.295167382060212e-6,1.3810349329825718e-6,1.065160957649663e-5,5.948367251454456e-6,8.162547402275454e-4,2.2497688389997225e-5,1.5978843458199055e-6,0.00226295779710048,2.3570742489852412e-4,3.2486553086186963e-4,1.9870862825763103e-4,5.907325111531929e-4,1.3382992116435556e-4,1.3737965087194182e-5,8.638631992381394e-4,3.928952203366676e-5,8.111927674092101e-5,2.3401091843397112e-4,7.563657461739568e-4,4.113697885764478e-4,0.0032900344559873983,9.703059050581345e-6,9.006295180754507e-6,3.710830122604449e-6,0.15698942063057036,1.3659546084319949e-5,0.0035682028801318753,0.04699648585576953,0.004699586523325579,0.006467546853455998,0.003920744005502158,0.009821540235956508,0.0026505418492797418,9.059797919232339e-5,0.010803171413477142,6.100402328052169e-4,9.380515259905564e-4,0.005739830168078857,0.005656743594761679,0.0032055251427797913,0.050585467866445716,7.286062435433266e-5,8.455987973559859e-5,0,0.9944641414553408,2.2022581141533718e-4,0.05466469789152167,0.006312155171752406,5.086186294348886e-4,0.0015134269221108326,4.72543534879477e-4,0.002160664270878885,5.624233148877942e-4,4.599617713742653e-5,0.0012101903199395528,7.087009739499432e-5,1.2996184795211144e-4,3.755228126450612e-4,5.2029442717983e-4,2.2908019433718238e-4,0.00368097286675331,4.3265974583643246e-5,2.5391595701855443e-5,1.232325152824156e-5,5.2279576048190215,0.009999379361396991,0.0024712124536155444
female,45 to 49,891062.1651787926,163.0143022377224,3.074852456423294,0.6696989033547771,0.5654852882942609,6.227227996203776,0.24693041353328027,42.60544170611793,3.772553068012847,19.767185747081054,1247.1704286944048,31.56588081406759,2792.284104513,231.1792940613,328.631675187,193.47184827119997,577.9053795,131.14415115,33.2269193943,1280.506948296,79.353774861,116.22672663840001,346.588471023,996.0063580799999,533.046985359,4006.06059525,57.441972918000005,11.897879331030001,4.95306151224,146867.59059870002,12.17214869472,4273.66528854,57611.6467824,4617.16852527,6544.560229409999,3851.6091493800004,9727.17540177,2620.93854543,215.1884581233,16173.388236629999,1225.662508512,1359.881670282,8819.33769339,7607.3672053499995,4239.37071903,62593.49631840001,442.40934682799997,113.9284045965,0,886718.985108,197.2890310857,63415.574911200005,6927.662184270001,485.09017008,1399.469920968,384.777507546,1794.6214354559997,419.81405365499995,114.4108279581,1781.1577674149999,142.9228673346,193.6141841343,578.1739848120001,682.455112311,307.856069715,3854.4044227800005,118.0346930901,33.701939526000004,17.55599244006,4341981.59418,9049.15100241,4385.60782875,10.938705051912137,85.793029150475,207.67595471325643,45.56826187012298,55.87352705223756,14.526272881888229,5.55485188934979,7.718736988396179,5.57692803253326,47,female_47,1.829438041564849e-4,3.450772097148039e-6,7.515737167680117e-7,6.346193457566406e-7,6.988544951803982e-6,2.7711917662190653e-7,9.628175508188089e-5,2.3306561857172563e-4,8.662400099601812e-6,5.113926238915066e-5,6.270440967609311e-5,4.781421922180828e-5,4.233770903353169e-6,2.218384588589815e-5,6.258741814511049e-6,1.6302199161349777e-5,1.227602908010046e-5,0.0013996446908327196,3.5425004054272536e-5,6.2339667269288705e-6,0.0031336580248054018,2.594423858350148e-4,3.688089204427838e-4,2.1712497268064305e-4,6.485578695668698e-4,1.47177330914601e-4,3.728911482582473e-5,0.0014370568051658495,8.905526231727904e-5,1.3043615942898775e-4,3.889610451067201e-4,0.0011177742664903185,5.982152606064736e-4,0.004495826163201733,6.446460770385668e-5,1.3352468319247603e-5,5.558603771765085e-6,0.164823057624976,1.3660268800973775e-5,0.004796147177545671,0.06465502524264417,0.005181645799475236,0.007344673003927651,0.004322492077314461,0.010916382472392632,0.0029413644163694304,2.414965717685053e-4,0.018150684507387643,0.0013755072950113077,0.0015261355755231043,0.00989755601576955,0.008537414675017172,0.0047576598858053475,0.0702459365512849,4.964966128252455e-4,1.2785685336964134e-4,0,0.995125839430158,2.2140882959171963e-4,0.07116851931253933,0.007774611531037184,5.443954294509476e-4,0.001570563733549606,4.3181892642562593e-4,0.0020140249531253604,4.711389059715759e-4,1.2839825595685947e-4,0.001998915268787794,1.603960676592327e-4,2.172847099791866e-4,6.488593135317208e-4,7.658894507927679e-4,3.4549336931304715e-4,0.004325629090094528,1.3246516090874112e-4,3.78222090927154e-5,1.9702320585609615e-5,4.872815572086126,0.010155465416483348,0.00492177538238314
female,50 to 54,829467.1080722939,257.1872377171204,3.5570851330532163,0.7927231668755053,0.48761964182397277,6.199386356193189,0.22133025944724366,68.76816925844885,6.145163319032038,55.0820328343884,1916.3216068468505,51.28846104367875,3474.9604035899997,237.5746426509,348.81075759600003,198.0094813893,586.696191237,130.29615542189998,79.4975415195,1513.2431483760001,177.9506304411,188.5566633867,492.48314658,1362.608205879,742.967759244,4929.48497154,136.02738361619998,17.710084877339998,9.46565056716,141330.48277529998,11.368212226199999,5445.67875906,69421.66521179999,4763.41933317,6933.5371041,3963.4944902400002,9958.74280446,2627.119051971,629.219370159,19491.26818491,2795.851663797,2270.276581638,13228.73167641,10470.21958164,5824.89709389,77416.1192943,1094.410474365,168.8606743752,0,825342.504498,184.8347618082,80230.9840836,8672.12979687,504.06871701299997,1477.7815015439999,306.379613031,1621.152011964,322.385464446,261.9844232517,2096.995702002,327.052395264,325.194248616,950.912433912,888.370635252,441.09365137500004,4231.10705979,174.212270799,51.068405427,33.9657212049,3850862.79252,8557.895299740001,4734.11257497,22.188749699626904,176.05662910289107,300.1678351511678,79.80303908286074,96.38245805385407,23.216822704514676,8.067533028659238,17.806228111234113,12.78606284032934,52,female_52,3.1006321433869893e-4,4.288398055132032e-6,9.557017501487398e-7,5.878709801491891e-7,7.473938744359311e-6,2.668342810622373e-7,2.1225269500083237e-4,3.618803352537592e-4,2.146706956544222e-5,9.621001038645807e-5,1.1619804705439104e-4,8.29064451009614e-5,7.4085678132718e-6,6.640653052825768e-5,1.5414791877696667e-5,2.799004623398661e-5,2.675060829258705e-5,0.002310304517439442,6.183302573971215e-5,9.726163882987985e-6,0.004189389030344929,2.8641840084898663e-4,4.2052391734573606e-4,2.3871890694916146e-4,7.073170057345605e-4,1.5708417386761978e-4,9.584170456650733e-5,0.0018243558227315632,2.1453609035162652e-4,2.2732265276306286e-4,5.93734388967569e-4,0.0016427513431433608,8.9571696335335e-4,0.005942954125084319,1.6399370426192262e-4,2.135115992543545e-5,1.1411725040138665e-5,0.17038708515369128,1.3705440656495783e-5,0.006565273904249101,0.08369429545330374,0.005742746501715212,0.008359025977791626,0.004778362459062757,0.012006193744806123,0.00316723716516801,7.585826659496173e-4,0.023498542612748422,0.0033706600739053317,0.0027370302686434305,0.015948470466965185,0.012622826727841083,0.007022456993415005,0.09333235584737935,0.0013194139510949896,2.0357730009046073e-4,0,0.9950274055063141,2.2283555310319834e-4,0.09672593801827678,0.010455061704645873,6.077018752250112e-4,0.0017816034983935743,3.693692131361728e-4,0.0019544500272368906,3.8866576059324806e-4,3.1584666914708594e-4,0.002528123998642309,3.942921811861587e-4,3.9205201201017003e-4,0.0011464136728965041,0.0010710136985619594,5.317795571184429e-4,0.005100994383759493,2.10029148960318e-4,6.156772815944985e-5,4.094884640312904e-5,4.642574437302907,0.010317341358633018,0.005707414469962791
female,55 to 59,684448.0505120944,361.434213362813,3.450423353778023,0.6909180793211064,0.41456008236138286,5.62870695714892,0.1926591109057173,84.2648124716691,8.678813355735924,104.3896703336903,2468.485568986679,63.52618607440133,4154.62888119,217.59692301360002,328.599224778,171.5681754141,517.132181163,112.55437408379998,138.5675654973,1381.374523476,272.3180146578,245.49769092990002,593.33546054399994,1642.3123847759998,940.5736981169999,5250.647649570001,216.86191370340003,22.3842996864,12.447458143499999,122348.79224339999,9.47267936427,5513.59711476,80263.0815759,4395.46893774,6529.470325890001,3464.7747555000005,8876.329633559999,2296.850402196,1217.6219341770002,18312.42867522,4319.846681159999,2973.857655846,16834.53813033,12194.43336345,7085.94557292,82440.76211790001,1794.8246471849998,209.7038529972,0,681317.466096,153.5271715374,82667.4251976,10472.159524499999,412.860939753,1254.7418602110001,190.1495298597,1219.067825667,217.1284431471,449.165469549,1873.858744776,509.54874262199996,431.182039314,1277.895726831,982.152618561,539.107405554,4097.99538609,267.0811673418,65.8284073353,45.972154308,3079472.27658,7170.02297274,3423.57809781,32.57463275969881,289.9923639644122,314.3279609084653,111.72656589208755,152.15055199389064,31.887977455225716,10.792141644796565,32.06719703596865,28.24129720915746,57,female_57,5.280666854005837e-4,5.041176391979588e-6,1.009452914365336e-6,6.056852409050108e-7,8.223716837147247e-6,2.8148098422016464e-7,4.236879099114155e-4,4.5924297786119713e-4,4.685117740050018e-5,1.6323600572533636e-4,2.2229671321300973e-4,1.231135254291737e-4,1.2680017642306904e-5,1.5251657193791028e-4,4.126141814273226e-5,4.658933199001382e-5,4.75925568570572e-5,0.0036065345896445947,9.281374390192496e-5,1.5767656342540586e-5,0.006070042683417047,3.1791590735162016e-4,4.800937405434155e-4,2.506664680916764e-4,7.555462840110203e-4,1.644454593735615e-4,2.0245154529058222e-4,0.002018231365320531,3.9786513301346316e-4,3.586798015513699e-4,8.668816575634553e-4,0.0023994697384954852,0.0013742075785200586,0.007671360369339265,3.1684203577049715e-4,3.270416165208211e-5,1.8186125498037413e-5,0.17875541051195976,1.3839880699758988e-5,0.00805553775868717,0.11726687148257386,0.006421917535525701,0.00953976027984117,0.0050621442385696104,0.012968595099246544,0.0033557702450573547,0.0017789837128851381,0.026755030804045534,0.006311431054450299,0.004344899008216915,0.024595786514016123,0.017816448383958863,0.010352788013083527,0.12044853083622489,0.002622294921933282,3.0638388529312415e-4,0,0.9954261182952423,2.2430799740394194e-4,0.12077969268193457,0.01530015246104489,6.032027404331173e-4,0.0018332170853174613,2.778144078537923e-4,0.0017810962055555724,3.1723144362037054e-4,6.562447934696297e-4,0.002737766209391648,7.444666432182293e-4,6.299704396723691e-4,0.0018670456083188438,0.0014349556811889045,7.876527738674212e-4,0.005987299376517965,3.902139353629156e-4,9.617736113945845e-5,6.716675469176117e-5,4.499205270985843,0.010475627722769448,0.005001954633735208
female,60 to 64,547666.8984965109,502.9697720042617,3.543446217632578,0.472036806427799,0.23165816784379745,4.231907696618187,0.08066604420907818,104.78944653005391,20.207614955478192,179.7280073539876,2908.660895938504,79.4725174571036,4893.22444965,190.1380790598,297.8798516361,142.40408448419998,437.02707828,92.7859708773,171.77462632229998,1217.109906402,247.6794300171,252.1837847439,693.806637399,1813.251724131,1123.437382644,5349.52156767,354.990744669,23.48654291349,11.98335244764,104715.9670548,10.12991443068,5057.948383020001,92480.4181617,3886.9147298099997,5951.07518334,2919.0932721,7637.45580363,1923.646423635,1502.6874558,16499.701476809998,3904.1635087800005,3039.91924431,20187.01076949,13077.693518879998,8243.55946143,83508.3391608,2978.49281721,209.1440219841,0,545873.461776,165.1599057858,77358.5353803,13484.28928302,315.883372086,924.237296622,117.11891276220001,879.0735714240001,146.0394670497,569.350364805,1602.706083393,469.975216281,448.42612803,1850.511472344,1107.931417596,691.763925696,4076.5949805,508.964614095,71.71983808499999,47.2636785603,2452936.294506,8130.75706773,2525.713175487,38.806147725202884,377.0713099421225,280.1199618749795,126.37107615483812,228.3546535881254,38.35304737477707,15.85793714617239,44.60072727019897,53.535870273056375,62,female_62,9.183862917131663e-4,6.470075564837433e-6,8.619049420800557e-7,4.229909977757644e-7,7.727156248142587e-6,1.4729034095456125e-7,6.885048393052091e-4,5.114787157010623e-4,8.143769030525609e-5,2.307444114328615e-4,4.169590205561423e-4,1.9133792240817984e-4,3.6897637982053304e-5,3.281702944753244e-4,9.77526128017347e-5,7.002988035257605e-5,7.085720870064618e-5,0.005311003648245932,1.4511104774686306e-4,2.8955442057401277e-5,0.008934672632366832,3.4717832971424567e-4,5.439069851653592e-4,2.6001952076186544e-4,7.979797199351537e-4,1.6942044723174213e-4,3.1364799806938545e-4,0.0022223543357162636,4.5224465947649e-4,4.6046928422406125e-4,0.0012668405545481769,0.003310866019306354,0.002051315107281689,0.009767838046001754,6.4818733000578e-4,4.2884722406935146e-5,2.1880731664698816e-5,0.1912037542204445,1.8496488391920832e-5,0.009235446576934618,0.1688625301539731,0.00709722413474431,0.010866231279774732,0.005330052409801789,0.013945439873391686,0.0035124387267441454,0.0027437982100529915,0.030127257137698114,0.007128719153006968,0.005550671863965806,0.0368600162341537,0.023878919019538505,0.015052141153793904,0.1524801652063549,0.005438511667195412,3.8188180180006334e-4,0,0.9967253147388779,3.0156999855059194e-4,0.14125106993442446,0.024621333368947267,5.767801065815418e-4,0.0016875902106906105,2.1385063271803006e-4,0.0016051245270387662,2.666574654239951e-4,0.0010395924354165203,0.00292642496340905,8.581406281285304e-4,8.187935572901104e-4,0.0033788996147551343,0.0020230023407249225,0.0012631107112645902,0.007443566503090329,9.293324381886895e-4,1.3095521800183602e-4,8.630004604998252e-5,4.478883608339216,0.014846172171535395,0.004611768909935482
female,65 to 69,467346.02384219307,839.8041324137483,4.784199235909143,0.45045597906101287,0.2465169452760373,5.03056894597329,0.07473730163514908,175.42354800334147,38.61935221822942,305.9811186393965,4217.301038200297,121.76870356756007,5905.12241373,174.45359458800002,272.79871606800003,123.09855026189999,390.08627642700003,80.79895486619999,236.38367576999997,1211.259027645,249.411297405,339.775850574,901.838047965,2038.3932537209998,1435.04014422,5846.076981,655.094915055,29.969261341619998,16.68493421691,97918.29616289999,13.8447737097,4762.40289285,111927.0027687,3620.76041274,5519.79499218,2576.457577278,6981.09471723,1704.265439445,2079.081563097,16479.65405229,3891.6685564199997,4097.78765781,27445.63109142,14311.03480476,10286.20623816,89663.1900717,5560.36172211,252.6269358849,1.04533477314,466448.001822,227.8936175133,74529.3918396,19371.638575589997,265.5787336431,757.252943472,82.1076331413,705.5047418730001,117.9325061496,820.143444066,1608.3360316019998,483.31061892599996,613.640600454,2656.690498836,1326.458925552,915.979577976,4323.25681179,995.6341372289999,94.6468297002,66.4450500669,2240459.991519,10925.39041455,2104.418045664,56.43833109429342,551.3672822636528,321.2978688557913,177.74345225872662,396.9947332862034,55.27212137830706,23.916705391279354,66.31819318464926,122.3758512335867,67,female_67,0.001796964325296842,1.0236952903925005e-5,9.63859658754937e-7,5.274827059602367e-7,1.0764120564491937e-5,1.599185567488327e-7,0.0011797838306843729,6.874946024239263e-4,1.4190383527696958e-4,3.803251620660938e-4,8.49466376160408e-4,3.753611650766415e-4,8.263545691632945e-5,6.547207059211356e-4,2.6185277073183976e-4,1.1826808950656781e-4,1.2076347762691296e-4,0.009023936918364232,2.605536312611857e-4,5.1175583338984854e-5,0.012635439508358713,3.732857148409314e-4,5.837189194961781e-4,2.633991603263671e-4,8.346840596181449e-4,1.7288893184952626e-4,5.058001217740514e-4,0.00259178203269362,5.336758732951535e-4,7.270327193127695e-4,0.0019297009110096123,0.004361636024979419,0.0030706159269786888,0.012509097505393611,0.0014017342218283287,6.412649260441681e-5,3.570145751907357e-5,0.20951990852063757,2.962424628303869e-5,0.010190314349305564,0.23949492893619645,0.00774749377981786,0.011810938171250705,0.005512954953796681,0.014937742830967745,0.003646688647169218,0.004448698516795417,0.0352622108920619,0.008327167361830565,0.008768209097235595,0.058726574510640235,0.030621924815160836,0.022009829362821975,0.19185610981463325,0.011897740514397842,5.405565105871181e-4,2.236746906598213e-6,0.9980784644045751,4.876335860091793e-4,0.15947368338960352,0.04145031216127591,5.682700185607591e-4,0.001620326064286146,1.7568916595517024e-4,0.0015095982545712749,2.523451578341058e-4,0.0017548955211458795,0.0034414244468785305,0.0010341601174918686,0.0013130326763220858,0.00568463272030121,0.0028382801134088607,0.001959960139267806,0.009250654956358026,0.0021304003595528434,2.0251981373903597e-4,1.4217527629877994e-4,4.794006747076824,0.023377518706009435,0.004502912057243887
female,70 to 74,390770.54520804016,1345.2348603717542,6.22601091624121,0.45386899276281994,0.23500793034606768,5.180047497789559,0.047719523998156224,307.8885295564617,102.0088303981945,470.2676618645498,5780.984317804329,213.99394341652356,6959.694534029999,155.3032336668,248.6541578976,102.76948954439999,336.01883053800003,68.80713361560001,249.2283241509,1021.533003045,213.97642421220002,378.46442952,1092.425705388,2342.247656922,1865.8898455830001,6123.25214592,1424.061202839,46.415828735699996,19.82436973245,89669.21004840001,15.54790359978,4485.93019662,125932.1668236,3292.0236170099997,5129.62523958,2209.857710421,6171.58513761,1486.993178613,2083.200611121,13877.754973500001,3241.2400215,4468.53744984,33422.3728077,15038.14004811,12285.915120900001,92535.0784122,10384.91220975,421.79668855200003,10.19478822129,390350.315244,265.2190262271,71076.6552405,24987.89518077,250.15409779469996,638.884786464,60.351915504000004,620.885974323,103.90966235159999,911.074889088,1358.749108704,421.989900012,697.490826639,3832.8970893899996,1469.0305984860001,1030.282129737,3887.6544646800003,1983.1572970380003,145.11006739200002,81.1664492688,1995557.1885719998,12444.38022291,2997.106885923,72.1793744752201,647.4231292661789,336.03733351003615,223.1508193504247,606.7133554661259,78.30401295689755,40.61972201901261,75.47768129295063,291.1461382278983,72,female_72,0.0034425185748213753,1.593265150761703e-5,1.1614718620135178e-6,6.013962240192723e-7,1.3255982471841071e-5,1.2211648135544886e-7,0.0016567858995654365,8.599351656126873e-4,1.931508969100204e-4,5.710533255049269e-4,0.001552607694991753,7.879010670892471e-4,2.610453414391471e-4,0.0012034368189500736,7.450565089876378e-4,2.003836110912856e-4,1.8471037635856848e-4,0.014793807743945038,5.476204541020269e-4,1.0394775787767552e-4,0.017810182009303607,3.974281981363743e-4,6.363175550122909e-4,2.6299190357268896e-4,8.598878156466701e-4,1.7608065515523479e-4,6.377868731590676e-4,0.0026141504664870577,5.475756216433413e-4,9.685080775945163e-4,0.002795568189015909,0.005993920692448873,0.004774898897739668,0.015669687035035035,0.0036442388514232875,1.1878026454370794e-4,5.073148418055873e-5,0.22946767904592583,3.9787808447800326e-5,0.01147970401462004,0.32226627203070196,0.008424441548575207,0.01312694956793396,0.00565512866187114,0.015793373408746415,0.0038052847044071554,0.005331007253916583,0.0355138204342185,0.008294483965710399,0.011435195166670046,0.0855294064958413,0.03848329980987674,0.0314402282146398,0.2368015694809745,0.026575473348998797,0.0010793973438490408,2.6088937219826674e-5,0.9989246119770454,6.787078235026684e-4,0.1818884665492377,0.06394518595936352,6.401559709714606e-4,0.0016349358832147077,1.5444335875384256e-4,0.0015888760858177016,2.659096588159686e-4,0.0023314830154431364,0.003477102164853861,0.0010798917809614825,0.0017849114658006447,0.009808561920524038,0.0037593176264191334,0.002636539888615438,0.009948688590667124,0.005074991760144558,3.7134341155305265e-4,2.0770871874590302e-4,5.106723659301384,0.03184574778092552,0.007669735917090135
female,75 to 79,299391.4244277807,2051.3444922157873,8.387017035335983,0.1924915897359334,0.035318989187859785,5.435963240830989,0.05116533016859665,531.5342563851115,193.69688162271402,603.1929486862332,7658.476139536455,366.8851686622797,7553.11079676,129.37702392239999,200.9942111853,76.5160844559,263.5778812755,53.76607863779999,223.257806907,864.0545936670001,141.1875677613,401.09708722799996,1124.0282632830001,2516.3344259610003,2202.452475267,5564.63545641,2393.321409771,47.1568669632,23.27877152643,76213.85882580001,14.884954338780002,4308.25832904,123807.58077570001,2807.442197427,4265.792507130001,1712.453188056,5028.11022126,1193.9416419660001,1758.6179802030001,11419.88904822,2034.218362749,4569.25037628,35738.9802357,14468.655586410001,13038.81056817,83539.0742916,17746.06712685,411.870365514,44.779024968,299211.0050388,262.9497206295,68519.9768595,27618.08101296,268.9371139956,521.738530587,45.591769680599995,581.53329378,103.91438406359998,865.68425673,1158.226996419,288.2331208785,763.6733617110001,4720.66699101,1432.882774185,985.2089995470001,2669.959710363,3417.3415337700003,171.00014162850002,95.50777670069999,1618335.7396980003,12113.240870759999,4024.67351586,84.4406623616945,635.7502582488104,350.45525862611424,279.1324152993127,869.3428865119301,107.40032624532485,58.46954392183396,71.17882822244263,691.7403975530256,77,female_77,0.006851714260475131,2.801355132788415e-5,6.429428969244451e-7,1.1796927468902653e-7,1.815670990316643e-5,1.7089778127876463e-7,0.0021234751779009835,0.0011705587736720602,2.3774504683454092e-4,9.323327006871072e-4,0.0029037000247200914,0.0017753823690876236,6.469687032383176e-4,0.002014730214264155,0.002310488347737854,3.5872879943236986e-4,2.8204101878697373e-4,0.02558014530367364,0.0012254364645330042,1.9529465158725016e-4,0.02522821357089994,4.3213336577584024e-4,6.713425795994498e-4,2.5557206457113216e-4,8.803788611489784e-4,1.795845647234611e-4,7.457054166922351e-4,0.002886036550039621,4.7158186989205937e-4,0.0013397080026410469,0.0037543769512815113,0.008404831336670405,0.007356431399050564,0.01858648913223065,0.007993954450583532,1.575090771331535e-4,7.775363496440198e-5,0.2545625980151758,4.9717370386373764e-5,0.014390052545006143,0.4135308184338624,0.009377163032617897,0.014248212069811628,0.005719780355529451,0.016794436349905816,0.003987895258683347,0.005873975794611361,0.038143674522563724,0.006794511120807654,0.015261794438545103,0.11937209058010602,0.04832688716473286,0.043551048908935026,0.2790296163334208,0.05927379904340151,0.0013756919267183339,1.4956682561494548e-4,0.9993973795698207,8.78280736103478e-4,0.22886419338984249,0.09224740176090797,8.982792827470351e-4,0.0017426635769016625,1.522814815679454e-4,0.0019423846053422205,3.4708537247587817e-4,0.002891479802350921,0.0038686044486166906,9.627300495643546e-4,0.002550752290819919,0.015767542440577556,0.004785984691858269,0.003290705475048276,0.00891795653621685,0.01141429331284782,5.711591170499567e-4,3.1900638731801223e-4,5.405417816462461,0.04045954520545047,0.013442848349956108
female,80 to 84,230168.65712133446,3354.0679169076825,9.833889791856773,0.1340601393117983,0.030174976627185934,5.872193865753337,0.04655071154092229,907.234495804109,495.1734268740644,815.2990105723381,11088.22251523182,720.5424699352791,7366.67016708,107.7641763327,159.642392919,56.0617103214,204.28287101429999,42.0694284942,173.7387533004,632.956727433,75.2388599751,314.00561436,1082.01507219,2651.20331337,2426.8912017720004,4751.05170111,4503.30649695,47.9986890216,24.51164438034,66533.6560437,19.96000741626,4150.161980430001,108737.2916037,2422.859066907,3550.23467355,1328.898944481,4112.8182264,968.515780116,1218.722686896,8171.074607879999,981.884211006,3183.2462157600003,34652.5275972,14077.47380427,13324.729464299999,71484.97288290001,27557.80238871,370.905843711,61.80145855080001,230096.55402029998,360.353633262,66503.1925599,29097.998590050003,255.2407360605,368.562305988,34.0564339761,481.38280544400004,112.0947537483,733.2127523849999,888.966422619,164.0254011963,673.641384534,5199.60039075,1686.125950182,1161.357819765,1820.275583835,4785.5576486400005,191.23133643120002,101.0824024956,1397068.3103760001,17726.47390671,2674.613887875,91.11212344495411,609.4569932451562,387.59689407024314,350.6652557045654,1402.8221639693058,136.1141839321765,95.67238099066581,67.97341104383176,1491.1456560199683,82,female_82,0.014572218297904786,4.272471289030806e-5,5.824430701749626e-7,1.3109941642175483e-7,2.5512569518350115e-5,2.0224609259627764e-7,0.0026478713516752987,0.0016839690465149635,2.953200140017295e-4,0.0015235143659013079,0.006094757563927576,0.003941607459289543,0.0021513503752729956,0.003542180854548539,0.006478491357899804,5.913671550007058e-4,3.958493940246779e-4,0.04817433726168291,0.003130497779093536,4.156620722700384e-4,0.032005531331733957,4.681965723764536e-4,6.935887575467922e-4,2.4356796021904412e-4,8.875355731280621e-4,1.8277653013382662e-4,7.548323715023146e-4,0.0027499692414651136,3.26885775483486e-4,0.0013642414144792551,0.0047009661772480634,0.011518524487773355,0.010543969070874204,0.020641610202406756,0.019565246429604277,2.0853703376432037e-4,1.0649427548868471e-4,0.2890647965531922,8.67190505688096e-5,0.01803096056750344,0.47242440809992053,0.010526450895656826,0.015424492274282496,0.005773587772988851,0.017868715392608425,0.004207852590482997,0.005294911575443327,0.035500379200511994,0.004265933612709029,0.01383005946844421,0.1505527643537181,0.061161558573324754,0.05789115525523446,0.3105764867247602,0.11972873602065974,0.0016114524381809086,2.685051011016721e-4,0.9996867379688605,0.0015656068804886754,0.28893244367691007,0.12642033434948036,0.0011089291620011872,0.0016012706099845326,1.4796295204584262e-4,0.0020914350870554757,4.870113730958978e-4,0.003185545597541908,0.0038622392541934037,7.12631351495583e-4,0.0029267294381392986,0.02259039287008138,0.007325610581692498,0.005045681867765274,0.00790844247257972,0.020791526129108326,8.308313513355189e-4,4.391666691712675e-4,6.069759140313918,0.07701515110011442,0.011620235010821064
female,85 to 89,151878.0957733962,4563.320330425854,7.935484529001359,0.10851070513099559,0.023731749934071098,4.283805736467308,0.053442498136033134,1246.8782309215062,732.8961204096327,835.4542065662731,14197.200439560096,1337.8824543510661,5717.44744902,73.66808782769999,101.86472263619999,34.0592847246,128.9428199271,27.888780052770002,117.3723083445,618.2593978589999,60.3730722213,311.601866913,792.081580524,2351.7876968279998,2162.372439861,3330.50180085,4975.93412061,43.9726138446,20.752033624110002,49987.35892289999,23.71857316716,2991.406047816,75954.5055384,1760.298758355,2436.601869945,875.772417276,2821.582194552,676.131815016,790.365211287,6980.4495822300005,689.568367935,2918.67566772,25475.35596198,11696.49347316,11188.096657080001,51118.78706250001,31233.6530064,324.520630506,49.665053071500004,151851.4236549,438.341290326,48503.5344621,24162.51507597,166.9152455775,191.7805341558,20.855216535660002,287.3265174306,90.8747607279,518.460743001,925.822970163,132.4542836889,697.8394679730001,4593.5538651,1723.3589757239997,1197.201623316,1380.9721838730002,4767.29420418,185.0916247776,86.9160880707,1051732.125738,21451.09300992,646.111306863,78.3273280866525,431.030317865072,404.1165841320437,363.3860588644731,1825.6258817020866,131.78368707963128,112.93043747441251,54.916184058894814,2669.2475667855842,87,female_87,0.030045941168727705,5.224903886628385e-5,7.144592153228914e-7,1.562552507208092e-7,2.8205553372612685e-5,3.5187758882472383e-7,0.0028380018571484726,0.0026607956998288295,3.615806728366569e-4,0.0023926166377977844,0.012020336918273854,0.008209730472140382,0.004825555105083236,0.005500820920304269,0.017574934378741035,8.676938330610492e-4,5.157249811949035e-4,0.09347760364827379,0.008808923021705524,0.00074355974045728075,0.03764497717663313,4.8504748135381944e-4,6.707005517647737e-4,2.2425409372670057e-4,8.489889162126718e-4,1.836260845301904e-4,7.728060306972823e-4,0.004070760794772209,3.975100682811911e-4,0.002051657714868334,0.005215245664561099,0.015484706236618169,0.01423755301151052,0.021928782974861272,0.032762684409963556,2.8952571218833045e-4,1.3663611937215928e-4,0.3291281647189051,1.5616849188409876e-4,0.01969609924711731,0.500101776702053,0.011590208248208387,0.016043142084033218,0.005766285209308011,0.018577940289439973,0.004451805980138151,0.0052039446982943055,0.04596087109654646,0.0045402753071374004,0.019217225847199825,0.16773555022700254,0.07701237899776739,0.07366497848230047,0.3365777454753568,0.20564949045055816,0.0021367177989259777,3.270060295304256e-4,0.9998243846924707,0.0028861389662141277,0.319358326262319,0.15909150659895513,0.0010990080217132786,0.0012627267492340613,1.3731549918018603e-4,0.0018918232808192062,5.983401376291031e-4,0.003413663704175941,0.00609582945749029,8.721091939849131e-4,0.004594734115011451,0.030245005652122695,0.011346988299716835,0.007882648364924446,0.00909263562227845,0.031388951645093414,0.001218685445291326,5.722753345576558e-4,6.924844036148544,0.14123888570426424,0.004254144111913315
female,90 to 94,76698.069630849,4068.4210229123414,5.046141797476458,0.1365102535128122,0.039037242608034844,2.9390409759207947,0.04839173151823839,1089.5784554200602,650.2504984476514,633.7005642096344,12463.232671766767,1218.9563055383906,3158.32596225,38.3475464922,48.4696984296,15.90715146981,62.0373099231,14.630238606269998,60.498126684599995,406.905735981,33.3122201331,210.4895817669,385.88241111,1468.6174644389998,1349.305657785,1812.645809328,3525.2764561500003,29.81730112839,11.26906534992,27894.8365338,16.81030198332,1498.2587809259999,38328.0053463,971.2549022369999,1247.545551924,441.83576967299996,1473.409356336,366.871412082,377.847141207,4090.3301997,317.448192354,1771.518621165,11764.35949296,7008.13029777,6736.8305607,28658.767447050002,22601.52964149,207.008089956,23.62152459039,76689.7364763,317.009654205,24503.265438000002,14367.221388630001,89.8679348439,83.6068526493,11.91428651343,141.7260759714,60.5461639314,280.4499907584,645.043815567,75.0775159203,500.73586056,2735.906969952,1173.493044909,818.84075019,1189.8477637619999,3204.60231231,135.4320509883,48.5912816661,597011.828136,15698.04873612,53.33775932339999,43.657359146369544,232.9565988465459,280.861842721062,260.0942766676209,1612.332665321002,96.22109768502773,95.6654982350903,31.02852344438115,3091.7336484462376,92,female_92,0.0530446338805373,6.579229205850615e-5,1.7798394949161267e-6,5.089729480275412e-7,3.831962121167483e-5,6.309380633847737e-7,0.0030373202346261866,0.003661915405079446,4.0455416405814023e-4,0.003391145017331798,0.021021815452217065,0.014206074033730531,0.008478055596149083,0.008262275273154351,0.040310449315437535,0.0012545439298295756,5.692106640557478e-4,0.1624973448712963,0.015892920270422422,0.0012472999476457794,0.04117868907850164,4.999805950367243e-4,6.319546067180918e-4,2.073996326944313e-4,8.088509948384379e-4,1.907510668350057e-4,7.88782911692302e-4,0.005305293052868922,4.3432931615401926e-4,0.0027443921702331635,0.00503118804641718,0.019148036860738696,0.01759243308572516,0.02363352582473509,0.04596304017972424,3.887620806090937e-4,1.469276267858954e-4,0.3636967223302882,2.1917503353381228e-4,0.019534504429344592,0.49972581488392454,0.012663355243641596,0.016265670804082664,0.005760715645120847,0.019210514207561945,0.004783320021582908,0.004926423090249781,0.05333028874633911,0.004138933272791498,0.023097303878590332,0.15338534006895288,0.09137296846583522,0.08783572511178764,0.373656958838545,0.2946818577087025,0.002699000000291253,3.0798069239658025e-4,0.9998913511827727,0.004133215551979087,0.31947695106193985,0.18732181211052684,0.001171710517310776,0.0010900776649491082,1.5534010922014016e-4,0.001847844106814337,7.894092279350863e-4,0.003656545622441575,0.008410170147327341,9.788709974273304e-4,0.00652866314589223,0.03567113205221506,0.015300164013997626,0.0106761585282539,0.015513399091903964,0.04178204650695753,0.0017657817418370515,6.335398257084156e-4,7.783922476920772,0.20467332244051722,6.954250554168683e-4
female,95 plus,24972.034062289564,2303.5341656813825,2.251403635559762,0.005164404289337511,0.05437914575828866,1.6038587409267173,0.035410771858440625,644.4556489810245,389.92161935283076,347.573626729769,6851.885233488996,799.7745230578537,1100.400419001,13.16957248128,15.35810935182,4.9813533852,20.04460750578,5.25529408023,18.1368627696,94.4501323824,6.70888496457,52.7382991293,104.58642274830001,562.4850130259999,515.827808085,668.492008845,1380.363735681,10.536310918469999,3.5690851915799997,9796.76371899,6.89717920065,470.910598167,11644.94085933,347.788454568,417.28241268599993,145.9129047045,505.000066125,132.59089157879998,60.9093565398,880.9100931840001,21.14395301397,250.8550531371,2339.899826022,2548.766441457,2457.514510677,10989.29110944,9001.72553277,36.6215666751,1.508471599071,24970.271795369998,132.1603480713,7740.204375540001,5507.99123433,32.8667019663,27.138104199929998,5.06391222516,48.0692188536,26.3716186515,102.8059322334,294.53715261269997,27.4727220933,210.7662260604,970.253312169,478.707965286,335.07556935,589.9996641060001,1245.959587632,61.5410014149,18.078843050699998,214766.8891584,6645.975438719999,10.32989901915,16.145289235148017,85.24740836508056,127.5169150328349,108.91832909276644,914.7853688261871,43.50281071147156,53.14174405734299,11.279730148685129,1714.9124476656048,97,female_97,0.09224455484625359,9.015699842247219e-5,2.0680751421592494e-7,2.1776017773580956e-6,6.422619546834253e-5,1.4180171214772876e-6,0.0034137150442948194,0.005106388799356919,4.5169448834441264e-4,0.004361612226744666,0.03663239312201687,0.025807094743404237,0.015614331551055106,0.013918514841954435,0.0686733184564771,0.0017420611634182193,6.465348074920788e-4,0.27438234372089354,0.03202680731024625,0.0021280502791557816,0.04406530986847892,5.273728382890307e-4,6.150123499556003e-4,1.9947727817344184e-4,8.02682210659383e-4,2.1044717731528545e-4,7.262869626222638e-4,0.003782236246627173,2.68655927179802e-4,0.002111894409472253,0.004188141922577171,0.022524597380531863,0.020656219144917595,0.026769625861374834,0.05527638366333548,4.2192441721761675e-4,1.4292328701287892e-4,0.3923094007702063,2.761961313782395e-4,0.01885751865436245,0.4663192766069106,0.013927117578827818,0.016709988927819896,0.005843052445809533,0.020222624431207387,0.005309575153071987,0.002439102733396461,0.035275864632679975,8.467052768400482e-4,0.010045439330707862,0.09370081028183036,0.10206483120675817,0.09841066628961992,0.4400639163805644,0.3604722591005739,0.0014665031524365279,6.040643686887137e-5,0.999929430381395,0.005292334126312771,0.3099549022011201,0.22056638320254635,0.0013161403626279777,0.0010867398359395734,2.0278333004547066e-4,0.0019249220441433584,0.001056046078814379,0.004116842543821768,0.011794680076040842,0.0011001395410871531,0.008440090444161275,0.03885359557610832,0.019169762626941957,0.0134180326886547,0.02362641595932157,0.04989419702552512,0.0024643968233181886,7.239635748375412e-4,8.600296180226701,0.2661367280751924,4.136586948977957e-4
male,Under 5,974114.2181150056,10.248808864965442,2.9351182189996536,0.2084038776292098,0.353024359885886,1.7072820626711522,0.08408800494962783,0.8894361073882924,0.2860662473406531,0.513681829809241,888.3181853866831,36.204663570805934,69.8160251205,4.6738221663,7.012553018489999,5.54019620385,9.38932534989,1.7552370788579998,0,0,0,0,0,18.91654398321,13.463138914169999,21.2667762528,0,0,0,28511.05920876,45.8958302646,0,553.7621337119999,64.1235084105,102.7488017067,79.0930387626,104.0144484465,27.41966050887,0,0,0,0,0,0,113.21255009459999,326.73717003900003,0,0,0,587529.1814069999,727.306463589,0,257.9785273749,242.3455194342,516.9019797029999,257.1926741403,514.739587182,138.9358867752,0,0,0,0,0,54.6178389033,35.1949589511,108.99271098839999,0,0,0,7080611.91213,25886.548969980002,0,0,0,0,0,0,0,0,0,0,2,male_2,1.0521157246629419e-5,3.0131150581903615e-6,2.1394193181215355e-7,3.624055098682558e-7,1.752650798973953e-6,8.632253116307584e-8,0,0,0,0,0,9.130716817884327e-7,2.9366807507872717e-7,5.273322370791993e-7,0,0,0,9.119240525055211e-4,3.716675405977038e-5,0,7.167129256731308e-5,4.798022736331932e-6,7.198902231465104e-6,5.687419504635456e-6,9.638834107215011e-6,1.8018801555473995e-6,0,0,0,0,0,1.9419225827352293e-5,1.3820903815799265e-5,2.183191237466283e-5,0,0,0,0.02926870245660857,4.711545054071006e-5,0,5.684776214267532e-4,6.582750484289663e-5,1.0547921362397083e-4,8.119483043338778e-5,1.0677849323232018e-4,2.8148301296668667e-5,0,0,0,0,0,0,1.162210221237464e-4,3.354197731260554e-4,0,0,0,0.6031419832305899,7.466336596507135e-4,0,2.6483396153903857e-4,2.4878552733082913e-4,5.306379581475051e-4,2.6402722530627864e-4,5.284181029387552e-4,1.426279220562583e-4,0,0,0,0,0,5.6069234888071126e-5,3.613021789088065e-5,1.1188904643986228e-4,0,0,0,7.26876969913404,0.026574449370087922,0
male,5 to 9,916839.3330943298,2.178768292310471,3.229801232936415,0.6919907047266333,0.30976500609237884,1.1205994509295867,0.0773231868933852,0.41782313187469167,0.05394987368018045,0.17491614457040489,79.10503588740829,3.3287037814339477,157.9445563113,23.38662425943,39.9361386483,21.12628665183,36.7139635014,4.87293484692,0,0,0,0,0,50.37060282419999,34.924523751,62.6106694557,0,0,0.49111164542700003,38008.617135,17.95664126133,0,1500.990665697,355.975000029,627.104972778,329.265332298,442.64001395700006,79.8689911581,0,0,0,0,0,115.326529485,296.4959996679,979.753453905,0,0,0,729671.486349,280.9732215162,0,202.79120690910003,767.6648852999999,2125.230544725,607.586303352,1399.631561442,223.56787086420002,0,0,0,0,0,47.6416014609,27.818610367829997,132.2422761696,0,0,2.3725322094509997,6084037.63308,11775.04756554,0,0.49447024159107994,0,0,0,0,0,0,0,0,7,male_7,2.3763905121272833e-6,3.5227559686339444e-6,7.547567820756194e-7,3.378618203986984e-7,1.2222419026761943e-6,8.43366815780249e-8,0,0,0,0,0,4.5572121176841305e-7,5.884332372401585e-8,1.9078167597812745e-7,0,0,5.393204935070188e-7,8.628015076581526e-5,3.6306293385118886e-6,0,1.7227070284848888e-4,2.550787626060961e-5,4.355849188266788e-5,2.3042517799196997e-5,4.004405371385027e-5,5.31492778617368e-6,0,0,0,0,0,5.4939399964658334e-5,3.809230526043189e-5,6.828968522149807e-5,0,0,5.356572604378782e-7,0.04145613714752076,1.958537402701343e-5,0,0.0016371359861178307,3.882632290955336e-4,6.839856779066435e-4,3.5913089721699713e-4,4.8278907544584875e-4,8.711339956210475e-5,0,0,0,0,0,1.25787065761864e-4,3.233892667619603e-4,0.0010686206607196218,0,0,0,0.7958553478354393,3.064585160934537e-4,0,2.2118510799998115e-4,8.372948864542421e-4,0.002317996695835849,6.62696594071066e-4,0.0015265832419277302,2.4384629105042775e-4,0,0,0,0,0,5.1962868237894796e-5,3.0341859651616686e-5,1.442371322827989e-4,0,0,2.5877295222966834e-6,6.635882006225009,0.012843087267863228,0
male,10 to 14,785541.9184203444,2.381589976865254,3.088569504859159,1.1269504755563555,0.5318988212091976,1.5691848493735396,0.08065285086713132,0.40614371932913784,0.033680068873765207,0.1257172375768381,62.0292263828649,1.8176632515780715,129.3289409445,47.2289333151,85.8634602801,46.2763086978,70.83081805260001,7.16421351417,0,0,0,0,0,70.2709189386,48.0764527029,98.17554466320001,0,0,0.379212293499,41420.576587200005,8.79086646327,40.83136992,804.5290085009999,769.800324393,1433.8405517249998,746.8655414670001,900.2412236340001,120.5156631645,0,0,0,0,0,262.60512791639997,401.19518243699997,1577.120129118,0,0,0,660146.599509,137.7966768615,819.032934153,180.70478724539998,954.6935349600001,3027.27223998,1065.5504021460001,1998.759040905,214.36821686730002,0,0,0,0,0,37.9636653582,21.690083373780002,213.3223226133,0,0,1.795480824507,4146799.7978099994,6069.72906141,621.658887903,0.38393583158402667,0,0,0,0,0,0,0,0,12,male_12,3.031779617381109e-6,3.9317691805295385e-6,1.434615326222888e-6,6.771106782930175e-7,1.9975825765339578e-6,1.0267160666526506e-7,0,0,0,0,0,5.170236110962189e-7,4.2874947961393147e-8,1.6003886569114528e-7,0,0,4.887528247456073e-7,7.896361088864641e-5,2.31389720771774e-6,0,1.6463658770058905e-4,6.012274101180142e-5,1.093047465280578e-4,5.8910043643320244e-5,9.016809465118622e-5,9.120090661204437e-6,0,0,0,0,0,8.945533941703409e-5,6.120163873568645e-5,1.249781104751512e-4,0,0,4.827397298689833e-7,0.05272866490752414,1.1190830504561308e-5,5.197860096646184e-5,0.0010241706898580752,9.799608478450147e-4,0.0018252884004055785,9.507647191748607e-4,0.0011460129657298315,1.5341722744324884e-4,0,0,0,0,0,3.342980454110912e-4,5.107240912665338e-4,0.0020076842395494944,0,0,0,0.8403709388755429,1.7541607090630756e-4,0.0010426342820762553,2.3003837606627207e-4,0.001215331114194141,0.0038537373614225172,0.0013564526311832324,0.0025444333319911538,2.7289214215121154e-4,0,0,0,0,0,4.83279943030177e-5,2.7611617999198376e-5,2.715607119251795e-4,0,0,2.2856588329717066e-6,5.278903264830028,0.00772680479434591,7.913758302715421e-4
male,15 to 19,736218.5650530554,8.052938565443165,8.224018987646375,2.2824391901534016,9.245146466926094,23.54274833228698,0.25684967984393164,1.413352775357414,0.11106488949914377,0.43539660286638504,186.937480831177,2.8819734263165286,181.5244303551,69.4970752185,127.8285975819,92.60107147560001,124.2977430669,9.96546547755,0.036510907977,0.373933692768,0,1.058483561964,3.7031408730599997,89.96501785230001,60.4399430316,179.4142305246,0,0.2842648845717,0.748523582733,56582.471070299995,7.465493211869999,412.45917517199996,1393.672627203,1188.05793747,2220.135618915,1544.566844916,1668.204758841,172.6418583783,0.17853471892949999,4.04799764859,0,9.521608169730001,90.5767312461,328.24964774399996,505.806704235,2939.120783904,0,2.955525093717,0,664062.549396,117.5459548263,7851.4887708,274.3790174802,907.3510168770001,2978.4061941299997,1588.124256735,2779.939311018,213.0270783948,0.1366843074549,0.44768298419999997,0,1.3457297969909998,15.09249998859,34.0138459935,17.601128107050002,384.74889465,0,0.6775648055069999,3.53805838065,3623295.2032200005,5233.186775550001,2380.484776887,0.6209457133992083,0.09843168030243366,0.05825083041298452,0.25450114683643094,0.5184570709552836,0.12087739902242473,0.07448111045549818,0,0,17,male_17,1.0938244357995553e-5,1.1170621576289254e-5,3.1002195523131343e-6,1.2557611157577703e-5,3.1977933523844756e-5,3.488769395884792e-7,1.3369899235743968e-7,7.912165378332545e-8,0,3.456869453137064e-7,7.042162417052348e-7,1.9197461765387034e-6,1.5085858299585246e-7,5.913958483714796e-7,0,1.6418683901799425e-7,8.434257744566114e-7,2.539157387557938e-4,3.914562282341848e-6,1.0116711801492091e-7,2.465632340336575e-4,9.439734138392953e-5,1.7362859842129635e-4,1.2577932134722348e-4,1.688326659596563e-4,1.3536014915396545e-5,4.959248477300874e-8,5.079112515195165e-7,0,1.4377300603492942e-6,5.029947693309165e-6,1.221987900370547e-4,8.209510857315098e-5,2.4369696587544018e-4,0,3.861148007741621e-7,1.0167138106318439e-6,0.0768555341527178,1.0140321863972555e-5,5.602401172025269e-4,0.00189301478305232,0.0016137299354633673,0.0030155930919169454,0.002097973235440879,0.0022659096605649725,2.3449810501024052e-4,2.425023320576464e-7,5.4983639923536595e-6,0,1.2933126956726266e-5,1.2302967562298923e-4,4.4585896542875787e-4,6.870333461348521e-4,0.0039921850974950525,0,4.014466945021973e-6,0,0.9019910403212184,1.5966176405484843e-4,0.010664616655292012,3.7268690373276164e-4,0.0012324478897263506,0.004045546167278954,0.0021571369320475533,0.003775970130307247,2.893530379520493e-4,1.856572408562529e-7,6.080843453978069e-7,0,1.8278944064579792e-6,2.050002635766508e-5,4.620074473542894e-5,2.3907476587175686e-5,5.226014568408407e-4,0,9.203310506821726e-7,4.805717416804112e-6,4.921493935647885,0.0071081972446224205,0.003233394116753156
male,20 to 24,906876.5255665169,16.4812757939707,10.999092526820794,2.72270108330996,16.22082228277583,40.97453321922605,0.29800962701830197,3.114701804524204,0.19139067279698774,0.6786692468593698,361.5441497358965,4.623448568785329,292.23834321,116.8501501314,216.84171229589998,179.91297807,231.6974207325,16.71434753703,0.20401765348170003,0.561564254484,0,4.77206276961,18.7703004909,144.9660418899,94.4372941314,396.52769607899995,0,0.685719730476,1.383875163981,81775.3408212,9.30215717826,1490.473480473,2593.459703331,2058.3048542489996,3931.7419634099997,3163.2039790500003,3237.6799497899997,294.7242011184,1.249524001878,6.68716808289,0,44.6289201153,382.97468418,634.343408136,780.218123355,6570.48520104,0,7.13377767447,0,842650.0475430001,146.1612385509,26676.33308565,623.254885608,951.2703071039999,3061.9007343900003,2060.966274378,3899.67268221,261.5066975676,0.700006049094,0.6171717932430001,0,6.175656768510001,55.6985769747,52.41418393469999,22.37746744899,707.160169641,0,1.636784023272,6.5654191857,4529706.10434,6642.77492283,3111.90131688,1.0832301962356512,0.43304906714628766,0.06900493973328145,1.0034531393259112,2.184674124260574,0.3580635341425291,0.17442608391356412,0,0,22,male_22,1.817367119925726e-5,1.2128544754149159e-5,3.002284221227488e-6,1.7886472772732585e-5,4.518204194736396e-5,3.2861102765025067e-7,4.775171205096153e-7,7.609077728654928e-8,0,1.1064936747580534e-006,2.409009454617683e-6,3.434537907548638e-6,2.1104380519434864e-7,7.483590408687795e-7,0,3.948316270716681e-7,1.1944627142696938e-6,3.986696529718237e-4,5.098211761405011e-6,1.9233719144356708e-7,3.2224711410127363e-4,1.2884901840237275e-4,2.3910830877493612e-4,1.983875125200866e-4,2.5548948969404727e-4,1.8430676134867104e-5,2.24967399342763e-7,6.192290115053936e-7,0,5.262086552112415e-6,2.0697746563871387e-5,0.00015985201711924468,1.0413467706908163e-4,4.3724551788491047e-4,0,7.56133510069232e-7,1.525979695104035e-6,0.09017251909802798,1.0257357993084045e-5,0.0016435241606258535,0.002859771567811716,0.002269663836499899,0.004335476608520524,0.0034880205737754405,0.0035701441800662474,3.249882346819912e-4,1.3778325567501427e-6,7.3738462672331185e-6,0,4.9211683020928065e-5,4.2230080213043273e-4,6.994815614393943e-4,8.60335559868644e-4,0.007245181693213949,0,7.866316387463661e-6,0,0.9291783652869444,1.6116994368069513e-4,0.029415617599083354,6.872544034797447e-4,0.0010489523990156772,0.003376314909548751,0.0022725985470740183,0.004300114262825265,2.883597603369867e-4,7.718868328372631e-7,6.805466630172822e-7,0,6.809809929364009e-6,6.141803807294013e-5,5.7796384024779296e-5,2.4675318875423547e-5,7.797755810243782e-4,0,1.8048587400026888e-6,7.239595469293514e-6,4.994843263266008,0.0073248945535119275,0.0034314498491798823
male,25 to 29,1238677.6761319942,31.692855468570873,10.278236793626666,2.166917119823541,16.551174908624457,39.03488462084549,0.2716290048815332,5.887505283916433,0.40544265547509084,0.9049641746631167,495.3154430295715,8.039362032573344,654.362752389,196.3610442033,367.509347307,324.787190484,413.22492234000003,28.879639110750002,0.637085914764,0.955536303543,0,13.31675207175,52.0932292002,253.75227543149998,156.94611233429998,870.2566683749999,0,1.645093726008,1.7136430115730001,126654.03504000002,14.15968354887,2930.103707376,8266.4492991,3527.92262829,6759.61484388,5838.27969603,6067.60781895,521.142227004,4.1974562559,11.718019176630001,0,130.08585953099998,1187.832805854,1449.5616536129999,1311.064722564,14642.91620484,0,16.417551213480003,0,1180318.862481,224.12480492880002,49638.973270799994,1458.604015482,1065.1041997710001,3383.22712254,2295.801422565,4359.7477295399995,346.110500109,2.1122147547659997,1.03299504147,0,18.00484398972,126.36227090909999,102.6962921535,37.0450725198,1294.3422043589999,0,4.11278759805,6.26839512213,6178822.16829,10265.27383005,1689.9049204440003,2.006058964953649,1.135266232173439,0.10036890525841646,3.0766149161575167,7.851206300027073,1.1238741120743139,0.33085052089906725,0,0,27,male_27,2.558603911191636e-5,8.297749278668208e-6,1.7493793273082554e-6,1.3361970775406752e-5,3.151335119136022e-5,2.192894972724028e-7,9.165146462625556e-7,8.102907414286935e-8,0,2.483789750506225e-6,6.338377167290164e-6,4.753056745400695e-6,3.2731893315552625e-7,7.305889111435663e-7,0,9.073176450421095e-7,1.6195165244423781e-6,3.998743600322949e-4,6.490277646463909e-6,2.6709976878909347e-7,5.282752446402132e-4,1.5852473003023237e-4,2.96694898429604e-4,2.6220476621344267e-4,3.336016546535118e-4,2.3314894316116317e-5,5.143274372663447e-7,7.714164241070713e-7,0,1.0750780714264652e-5,4.20555163009565e-5,2.0485738971569225e-4,1.2670456193607523e-4,7.025691066723195e-4,0,1.32810476664528e-6,1.3834454633300369e-6,0.10224938858630378,1.1431289851841276e-5,0.0023655094168854355,0.0066736080405627035,0.0028481361182730014,0.005457121714656373,0.004713316311844042,0.004898455777371605,4.207246461657123e-4,3.3886590004651996e-6,9.460103626975611e-6,0,1.0501994347489794e-4,9.58952299490238e-4,0.0011702492759371678,0.0010584389690932738,0.011821409626566678,0,1.3254094692936517e-5,0,0.9528861989075069,1.8093876175170298e-4,0.0400741647543105,0.0011775492879122255,8.598719588593781e-4,0.002731321624447748,0.001853429238939766,0.003519678939523749,2.7941934110720036e-4,1.7052174229552523e-6,8.339498332574481e-7,0,1.4535536028988217e-5,1.0201384374964287e-4,8.29080027293207e-5,2.9906950963611664e-5,0.0010449386707289572,0,3.3203049326705866e-6,5.060553881704118e-6,4.988240514339892,0.008287284115836546,0.0013642814050876
male,30 to 34,1336844.822704578,66.41625932722366,10.391935705706388,2.3175762819680257,13.897716045325733,32.37469685445489,0.2608456301694191,11.589074607984692,1.0208074127627729,1.756791581857216,690.6766594744117,13.843776166774742,1006.107911247,247.99308728670002,464.50078099800004,434.917824705,530.885976954,38.472036204,2.0396154847320003,1.059432140364,0,33.7784747313,106.9319046354,367.63499457,213.52412098950003,1398.216777789,0,4.610743449179999,3.99561693459,150081.9350817,16.71449650725,3645.3599549699998,13487.307648060001,4578.85807272,8693.20609695,8000.45462436,8054.86039746,701.374530756,12.1284039357,13.111242524909999,0,355.20864767700004,2767.673738559,2202.123374013,1773.7937171610001,23851.06237212,0,46.6392448095,0,1289018.4997710001,265.85441668889996,59096.331056099996,2825.405866512,974.0412867959999,3266.02517229,2061.418957245,3546.4448899199997,372.28643080200004,7.08960089913,1.150420327917,0,49.4925471501,378.225207621,204.8216130042,74.540516877300007,1868.9529642419998,0,11.3451839148,14.04463018464,6511354.41189,12258.5331723,1344.253628331,4.042105810996376,4.214982511425553,0.16679191093585022,8.235471135338859,24.10995448187125,3.2497736063368987,1.4981621397972062,0,0,32,male_32,4.9681352838586427e-005,7.773479411531405e-6,1.733616529463251e-6,1.0395908193150787e-5,2.421724369546307e-5,1.9512035034978918e-7,3.1529332648333846e-6,1.2476534905406044e-7,0,6.1603792717524475e-6,1.8034968660831007e-5,8.668975195295123e-6,7.635945439782396e-7,1.3141327639681032e-6,0,2.4309280711894925e-6,3.023616310843595e-6,5.166468446779784e-4,1.0355559547118807e-5,1.1206701887555402e-6,7.52598876219259e-4,1.8550626301187586e-4,3.474605078383488e-4,3.2533156976672533e-4,3.9711862434411917e-4,2.8778236299832476e-5,1.5256935211116298e-6,7.924869980202017e-7,0,2.5267311626313205e-5,7.998827000658571e-5,2.7500199598801275e-4,1.5972244299642662e-4,0.0010459080620593346,0,3.4489743094130995e-6,2.988841237763442e-6,0.11226578622496247,1.2502944413125535e-5,0.002726838517873041,0.010088910409791433,0.0034251230920403215,0.0065027787438804805,0.005984579876798443,0.006025277025918512,5.24649173070847e-4,9.072409699102518e-6,9.807602424928103e-6,0,2.657067160258552e-4,0.0020703029188980245,0.001647254293552091,0.0013268508708231585,0.017841309602311797,0,3.4887553153060716e-5,0,0.9642244768268465,1.9886707280733485e-4,0.04420582707313919,0.0021134882811573493,7.286120799162102e-4,0.002443084729671531,0.0015420031721217517,0.0026528470841852593,2.784814097187625e-4,5.303233987013533e-6,8.605488897279628e-7,0,3.7021908833047174e-5,2.8292379279729003e-4,1.532127061612314e-4,5.5758541014877616e-5,0.001398032840087536,0,8.486537646042939e-6,1.0505804373185388e-5,4.870688281319625,0.009169750268770682,0.0010055420086913553
male,35 to 39,1186489.1966351161,127.80042037626868,9.457894051691007,2.2147277981487266,11.77352599913041,24.44474251293761,0.19892784012721998,20.710447664927614,1.802752733749252,4.3732784065965085,919.3119313194107,22.040072037956406,1268.565825402,248.57580914880003,477.85875912899996,452.34156712799995,533.7910784190001,40.023933549,5.35546160979,2.078113049271,0,54.10843653960001,179.2969467177,459.87087737400003,247.65401051700002,1805.355383652,0,9.99159451992,4.02709375581,142834.1163306,16.17099113283,3664.00681368,19912.494013440002,4619.99102916,8904.4848132,8372.979502170001,8268.83121,732.475919043,31.5715299789,23.6811612789,0,593.128228338,5435.94263376,3461.66771754,2155.405395204,31202.4074277,0,101.6810914788,0,1152297.261717,256.35247195889997,57234.795792599994,4058.2235928600003,776.992970454,2793.751397037,1679.003943471,2497.31344473,332.32370409600003,18.6894421191,2.420178095073,0,82.1316368028,717.868953132,319.65636974999995,121.3945800402,2489.794872456,0,24.501454782270002,13.28488518024,5755832.722920001,11900.12486484,1514.840253375,5.408291827192474,12.580434560277808,0.4369150626116852,14.849088109868976,59.02397929558417,6.965279019487019,2.270162799502068,0,0,37,male_37,1.0771309232204618e-4,7.971327575938828e-6,1.8666228099081691e-6,9.922994690992665e-6,2.0602583303971842e-5,1.676608945883194e-7,1.0603075523954139e-5,3.6824192234600746e-7,0,1.2515148180009558e-5,4.9746748190355375e-5,1.7455234926421962e-5,1.519400883600002e-6,3.6858982104507382e-6,0,5.870495103740138e-6,4.558230991508723e-6,7.748169422246572e-4,1.8575872498849598e-5,1.913344686104392e-6,0.0010691760439114433,2.0950532870738406e-4,4.027501982185827e-4,3.812437301669841e-4,4.498912252491062e-4,3.373307878614309e-5,4.513704486292915e-6,1.7514808016495466e-6,0,4.5603817289741496e-5,1.5111553246855195e-4,3.875896035785189e-4,2.087284159176054e-4,0.0015215944559562689,0,8.4211424328651e-6,3.394125936612689e-6,0.1203838321795745,1.3629278023509138e-5,0.0030881080283504687,0.01678270149438515,0.0038938332032540175,0.007504901720515554,0.007056936991854434,0.006969158449525212,6.173473143458045e-4,2.6609201388800566e-5,1.9959019724797987e-5,0,4.999019207423985e-4,0.004581535718299278,0.0029175720498402272,0.0018166245434991996,0.02629809653234942,0,8.569912963992223e-5,0,0.9711822619075804,2.1605967646896044e-4,0.048238783762142884,0.0034203628691850917,6.548672947529168e-4,0.0023546370291108254,0.0014151025970001714,0.0021047924008177924,2.8008995365357746e-4,1.5751885623656132e-5,2.039780978989633e-6,0,6.922240593148708e-5,6.05036232245415e-4,2.6941363701965895e-4,1.0231410482663902e-4,0.002098455577612556,0,2.0650381690584406e-5,1.1196802480727123e-5,4.851146339337555,0.01002969508579493,0.0012767417163772647
male,40 to 44,951545.168678941,254.54734152499756,8.717839073551254,2.5056285525447817,10.412553825000955,19.038987280843486,0.14545720215920419,36.876398382476935,4.037312851199989,12.411777346309105,1266.6696419358989,33.48210870550293,1786.9491706950002,223.1828674992,438.11380074,419.43068420099996,473.16971014500007,37.8851136669,13.29607892007,3.26062609263,0,86.4538750308,280.6627874928,565.553176599,294.3090737928,2130.481833495,7.4912459334,16.29465561525,7.300490893860001,123413.3647569,14.06181616077,3552.29604864,37892.226128099996,4186.1683655100005,8176.98936225,7795.01846496,7402.659602220001,699.247277457,77.8368885966,35.9514130374,0,979.271699784,9043.571460840001,4410.23019777,2562.783193533,37220.3827752,56.263071302099995,167.8354957902,0,930786.877785,223.3390691148,53680.683529199996,6609.69371538,559.5749673,2152.140950913,1213.8844329840001,1666.8078534689998,271.243311525,46.478115581400004,3.88143716148,0,135.9035516619,1198.111559028,491.904127389,230.0289260967,2957.5784229,33.4856055813,40.884501262499995,24.265382823959996,4491133.9766999995,10430.30144139,3180.40129941,10.864013785449071,35.21990765950544,0.7668301619417937,25.67504983641651,135.3800655054915,12.869260625985563,3.3678799002205855,0,1.3573328755428473,42,male_42,2.675094676571091e-4,9.161771149187267e-6,2.633220823372391e-6,1.0942784607331904e-5,2.000849555809935e-5,1.5286421175481015e-7,3.7013384985604315e-5,8.0587888750085e-7,0,2.69824814223606e-5,1.4227392451946738e-4,3.875422796132059e-5,4.242901949473521e-6,1.3043813110354764e-5,1.4264513343357875e-6,1.352459247294834e-5,1.1417233929664013e-5,0.0013311713238946447,3.518709337990456e-5,3.539379959120927e-6,0.0018779446625491,2.345478437025239e-4,4.604235459975554e-4,4.4078904292405615e-4,4.972645815667541e-4,3.9814309308613324e-5,1.3973145319553616e-5,3.42666454515956e-6,0,9.085630180943123e-5,2.9495477117754977e-4,5.943524230007649e-4,3.092959572285972e-4,0.0022389707852259,7.872717113156409e-6,1.7124416319482097e-5,7.672248395728281e-6,0.12969785231345193,1.4777875631792073e-5,0.0037331869947611214,0.03982178395241807,0.004399337523117042,0.008593380147788847,0.008191958428817479,0.007779619765709428,7.348545297411222e-4,8.180051894400696e-5,3.778214027118906e-5,0,0.0010291384287553608,0.009504090566079449,0.0046348090904532215,0.0026932859078996636,0.039115728817029446,5.9128114097002585e-5,1.7638205869219126e-4,0,0.9781846500016806,2.3471199945754377e-4,0.05641422530023091,0.006946274263108748,5.880697897682303e-4,0.0022617328338715463,0.0012756981727617541,0.0017516854778245365,2.8505563419713994e-4,4.884488630836829e-5,4.0790887172163535e-6,0,1.4282406777450094e-4,0.0012591221084032982,5.169529976931368e-4,2.4174251908194345e-4,0.003108185002931701,3.519076832452324e-5,4.296643250184454e-5,2.5501030978538164e-5,4.719832672720284,0.010961435972472755,0.0033423545240899573
male,45 to 49,885752.7334106681,484.62949061333495,10.101042994055625,2.587307707758946,9.326082012694801,16.032262394065135,0.1418864935610936,64.84712071216414,9.650039348481766,29.31866947488828,1917.5984735410027,53.03250104135114,2579.8342536930004,228.1846027872,459.520833306,430.96306325399996,481.041644454,41.8625827779,32.6545097412,5.19638570637,0,134.7183823011,459.19811842499996,839.359454724,457.811885118,2899.481143629,48.2998145511,28.65793095996,13.922694487440001,122934.4855794,14.09047121472,4857.74706279,56685.3497034,4302.61582461,8626.10807685,8096.14886553,7640.40600348,779.932472226,180.9971551968,56.2195988055,0,1544.3090940299999,15738.057875339999,6934.662116580001,3925.6471423499997,51015.4533222,370.68336694799996,289.86609324840003,0,868733.909454,225.8345161134,71206.5238449,9120.70977903,481.910391015,1959.000651789,1019.3585973690001,1441.82985717,259.6144388499,118.13468330730001,6.18689573217,0,221.3427146916,1987.928991846,793.271249205,419.80292141999996,3962.9796108299997,103.8906048147,73.50962509050001,46.2851060925,3990283.41873,10584.46764984,6220.89533985,24.13908854957785,95.89441715327402,1.4009589947921275,53.02866809161016,289.06579699917427,26.347634900223248,12.709431326980127,0,4.674090335697688,47,male_47,5.471385775432235e-4,1.140390835166907e-5,2.9210270656420017e-6,1.052899038401373e-5,1.810015570861578e-5,1.6018747468579327e-7,1.0826319077111308e-4,1.5816592395911812e-6,0,5.9868478065451345e-5,3.263504430701571e-4,7.321131311948049e-5,1.0894732789955327e-5,3.310028676061116e-5,5.276969699771284e-6,2.974603848951093e-5,2.7252626651941773e-5,0.0021649365575843304,5.987280540150847e-5,1.4348735090030549e-5,0.0029125896611790557,2.5761659454163387e-4,5.18791324003681e-4,4.865500799467354e-4,5.430879593243898e-4,4.726215477394518e-5,3.686639454722422e-5,5.86663242501196e-6,0,1.520947971363917e-4,5.184269843083832e-4,9.47622765432485e-4,5.168619501236597e-4,0.0032734656459532394,5.452968162470959e-5,3.235432404437539e-5,1.5718488876494294e-5,0.13879097511337057,1.5907905991397185e-5,0.005484315068478334,0.06399681035713897,0.0048575811988097435,0.009738731534741552,0.009140416461776046,0.00862589040404081,8.805306975715469e-4,2.0434275658383203e-4,6.347098539455987e-5,0,0.0017434991005712205,0.01776800373478864,0.007829117376671794,0.004431989870619934,0.05759559231136725,4.184953124791965e-4,3.272539641308759e-4,0,0.9807860328117355,2.5496338604996964e-4,0.08039097273876093,0.010297128572112797,5.440687596405851e-4,0.0022116789233556154,0.0011508387825616647,0.0016278017586444338,2.931003530186489e-4,1.333720787430281e-4,6.984901653474801e-6,0,2.49892217480719e-4,0.0022443385347412997,8.955899533614082e-4,4.73950466744271e-4,0.004474137602229237,1.1729075270776775e-4,8.29911354689754e-5,5.225510952054889e-5,4.504963144019964,0.011949686690870922,0.007023286641065052
male,50 to 54,807294.5849407684,832.4156815153535,10.22596644883296,2.8277943140638233,7.8726669656849495,14.708188485872906,0.11696594138586586,103.36333551066566,17.78186291350666,70.00153780457674,2918.0629753606718,82.21842735832979,3774.33271242,224.0203207623,467.26651662899997,435.23470496100003,473.29496663699996,43.6778381178,74.33393847330001,7.19936622993,0,243.20080515479998,670.992275304,1191.335377887,700.167496848,3810.39055095,120.04210984470001,46.5265264335,25.128219630719997,122699.3761365,13.8609381624,6511.48646259,83175.48654360001,4283.160284490001,8848.14673326,8287.665002189999,7648.26060012,825.6319556850001,468.772987986,76.68856119329999,0,2895.778521957,24895.54802673,9887.0327868,5952.10220103,67446.06580350001,959.07633936,461.68271061300004,32.0646813231,796892.061264,221.70894795360002,95167.73936040001,13487.733748499999,397.53603211800004,1829.613291048,811.044931872,1208.890524204,229.0619201541,275.5633599498,8.61666280071,0,418.67970876900006,3208.1016416099997,1187.037341457,730.033709847,4926.169071779999,162.97860641009999,121.51058543190001,86.2054372878,3581139.5184299997,10423.71659865,6679.15569225,49.91252836869769,217.65050651350944,2.585381578157573,102.93873549910438,529.9087673069096,47.245821867437414,17.816829721170354,0,11.706110045704627,52,male_52,0.0010311176329473686,1.2666957811420528e-5,3.5028035203175554e-6,9.751913505356376e-6,1.8219109554602118e-5,1.4488631977439525e-7,2.6960481412058345e-4,3.2025256038937304e-6,0,1.2751074690617062e-4,6.564007453930701e-4,1.2803670114825493e-4,2.2026486050084586e-005,8.67112688606883e-5,1.4500419381065847e-5,5.852364520803005e-5,6.182690841703069e-5,0.003614619780429682,1.0184439347423865e-4,2.2069799616552095e-5,0.004675285556011656,2.7749513615124333e-4,5.788054637617611e-4,5.391274920950119e-4,5.862729361323857e-4,5.410396518515563e-5,9.20778360959202e-5,8.917892383061409e-6,0,3.012541018996724e-4,8.311616203312339e-4,0.0014757133270928715,8.673011189581703e-4,0.004719950588086219,1.486967856392937e-4,5.763265021394102e-5,3.112645631404014e-5,0.15198835521175025,1.716961617352727e-5,0.008065812138536455,0.10302990766338738,0.005305572915250334,0.010960245365586334,0.010265973731011794,0.0094739401735008,0.0010227145964884392,5.806715376647721e-4,9.499451950235324e-5,0,0.0035870159121276215,0.030838244788371272,0.01224711892193036,0.0073728999451503924,0.08354579240544337,0.0011880128484082026,5.718887742160117e-4,3.971868747943181e-5,0.9871143398323035,2.7463202663482116e-4,0.11788477358284585,0.016707325925504134,4.924299500252035e-4,0.002266351496934963,0.0010046455742441364,0.0014974589781160206,2.8374019153232195e-4,3.413417667975788e-4,1.067350501470564e-5,0,5.186207322321118e-4,0.003973892184406736,0.0014703893270188273,9.042965522933154e-4,0.006102071243474815,2.0188244718878897e-4,1.5051579398468937e-4,1.0678312340485342e-4,4.435976142082942,0.012911911950226685,0.008273504885134406
male,55 to 59,672537.6217183725,1035.1693563217937,8.386202303085605,2.785291595370742,5.0260520093963725,12.187242375015519,0.08583805259519728,125.19552172370521,23.66853801231307,131.72475207571557,3632.3048398800574,97.03985949756819,5089.98031464,198.3375159819,428.635880112,381.395206944,413.86504351199994,40.5756592134,140.02887138,8.96728956978,0,334.137025887,867.1329261029999,1513.129730601,1005.2698980089999,4402.2339747900005,201.3086710836,59.6749876416,32.1797301792,112056.45053910001,12.303214133130002,6934.45025397,111121.3354149,3859.66162446,8222.90334234,7377.209676210001,6831.249705480001,781.3468174559999,1022.469921384,94.8091931484,0,3972.29679201,33961.3660434,12334.08592548,8336.03072646,78537.94801739999,1658.5345525499997,583.585290312,78.570317493,666818.152566,197.80208475899997,103456.6184175,18302.1173073,268.7724403587,1390.922418366,548.303360463,852.7958405429999,175.9030066071,494.015044839,10.69752060828,0,583.8459191249999,4336.49552898,1506.25195824,1030.8157747619998,5037.67647123,255.6552870696,158.5800526032,115.67544812279999,2976626.5414050003,9323.7953478,5006.09984148,76.08377009814419,363.04742767217556,3.628372944800341,152.93429238039016,665.84757280455506,66.32962799832285,22.22017494583592,0,23.869513320580882,57,male_57,0.0015391991806746456,1.2469491716550183e-5,4.14146585324723e-6,7.473265207906911e-6,1.8121279734323875e-5,1.2763308671993114e-7,5.398172770536887e-4,5.3950482881978235e-6,0,2.2739886579078539e-4,9.900525283675224e-4,1.8615393054714682e-4,3.5192883264788354e-5,1.9586228014895467e-4,3.5491714589278886e-5,9.862589966171234e-5,1.1312938881210208e-4,0.005400894645268036,1.4428911686698766e-4,3.303930401553164e-5,0.007568320567159955,2.94909176196175e-4,6.37341118578334e-4,5.670986940024458e-4,6.153782779535082e-4,6.033217756610679e-5,2.0820972218954555e-4,1.3333513665552356e-5,0,4.968302368472125e-4,0.0012893448605706625,0.0022498811690784912,0.0014947415067137469,0.006545706638004932,2.993270035499943e-4,8.873107721338616e-5,4.784822311795574e-5,0.1666173711632508,1.8293718798503167e-5,0.01031087336980804,0.165226943187176,0.005738952736351524,0.012226681566646051,0.010969214863193534,0.010157423889574777,0.0011617890096015948,0.0015203163189168962,1.4097232643455252e-4,0,0.0059064306051170076,0.050497347578306095,0.01833962224145275,0.012394891315018124,0.11677851986440699,0.002466084422626571,8.677362744717624e-4,1.1682665022106615e-4,0.9914956889136419,0.00029411304047735534,0.1538302320592302,0.02721352191500757,3.9963926430163253e-4,0.0020681704241498236,8.152753730892455e-4,0.0012680269668246325,2.615511771039034e-4,7.345537690170597e-4,1.5906203999334962e-5,0,8.681238049304066e-4,0.006447959770488384,0.0022396545703888496,0.001532725815588139,0.007490549686065808,3.801352947607392e-4,2.357935786521783e-4,1.719984791739123e-4,4.4259628685151435,0.013863604126676459,0.007443598216392899
male,60 to 64,523477.4523721428,1316.9057001499318,8.439287606837347,1.8695171341176304,2.9547653498387194,9.593729253157942,0.07177594103142722,161.30157448923921,45.73731661314337,246.39355826438052,4603.716572733905,129.38906964045646,6236.606678010001,160.5617096811,360.410355156,311.835917844,333.52481426400004,34.415426005499995,215.8977441654,12.67480124328,0,408.95865837900004,1041.857503224,1673.602696506,1246.581450234,4581.643196700001,319.468677858,71.13053488199999,33.791888153100004,95680.81172879999,13.55793036963,6341.28788235,131060.00927489999,3189.76364127,7038.9175912499995,6148.57912065,5649.462826110001,676.591088781,1745.9896446149999,134.8675083804,0,4822.63923222,40481.4149886,13540.52172594,10289.26918095,81611.1041928,2667.277918827,706.589224749,92.1625962675,520477.98678299994,220.0395692304,96632.55907830001,21645.14243394,173.7617284068,877.0916954909999,361.419482463,558.782310069,125.93813263349999,748.857416772,15.554553919529999,0,725.441258391,5129.208336539999,1514.821308096,1066.679049651,4656.9859920300005,440.47057908,202.0532047176,128.908744989,2340238.0003380002,10878.23739909,3377.92456389,97.50046242505442,531.6795235157181,5.301675928099096,204.03141735997988,844.97368412215,90.70499357559615,32.75198410330741,0,50.17716065896521,62,male_62,0.002515687531874318,1.612158760342903e-5,3.571342233836236e-6,5.644494020610006e-6,1.8326919735862303e-5,1.3711372038312995e-7,0.0010156684325302026,1.0127801883489926e-5,0,3.897616152050287e-4,0.0016141548796288056,3.081347128864857e-4,8.737208528444599e-5,4.706860957388821e-4,9.585352803943503e-5,1.732739264405098e-4,1.862553238601399e-4,0.008794488763311814,2.4717219252544446e-4,6.256617922107531e-5,0.01191380192164679,3.0672134769800145e-4,6.884926055989559e-4,5.957007631005169e-4,6.371331043058862e-4,6.574385553674983e-5,4.1242988248501905e-4,2.4212697578174615e-5,0,7.812345240961195e-4,0.0019902624239168535,0.003197086500902865,0.002381346979865331,0.008752321949948834,6.102816394676117e-4,1.358807997549299e-4,6.455270995908565e-5,0.1827792415799793,2.589974087363671e-5,0.012113774630816277,0.25036419177368646,0.006093411715854345,0.013446458026707894,0.011745642706839919,0.010792179874241782,0.0012924932787745135,0.0033353674293000245,2.576376647537476e-4,0,0.009212697147443823,0.07733172614246918,0.025866485107583916,0.01965561101882055,0.1559018517855517,0.005095306219475559,0.0013497987765224357,1.7605838771061555e-4,0.9942701150249151,4.2034201899869556e-4,0.18459736640118632,0.041348757880315265,3.31937369258976e-4,0.0016755099794966352,6.904203434650802e-4,0.0010674429386344586,2.4057986081885705e-4,0.0014305437863245988,2.9713894741873594e-5,0,0.0013858118532205281,0.009798336706379512,0.002893766104407312,0.0020376790725509463,0.008896249439067196,8.41431807777018e-4,3.8598263172939746e-4,2.4625462740534264e-4,4.47056122423839,0.020780718156618146,0.006452855893950932
male,65 to 69,430377.56990010233,1779.0419973623002,8.664471893325747,1.742042039289838,1.9499609629411903,8.5111906802541,0.06063765807399265,250.570840934167,77.45354232659858,409.6731695677637,6161.03809676412,183.16914791576428,7270.464606330001,135.0223331691,304.209373494,261.1537134393,279.536632692,30.202423769699998,294.26087349240004,15.87554126835,0,512.611616763,1302.994004199,1859.9246968349998,1528.5386399879999,4917.54186132,550.452920052,87.7362102021,44.441001919499996,87744.43926300001,17.77792286238,5719.772786879999,148767.1872138,2752.4366492460003,6097.32145158,5294.27164839,4892.77422426,605.908574478,2439.359572887,167.4088789434,0,5998.1895573599995,51863.4271494,14900.53364157,12543.966669059999,86412.9532419,4656.33896814,872.39570007,186.2455023978,429142.657278,300.727528539,89310.3226752,26351.15613612,130.1336042916,612.281642058,256.2722871414,390.97901599500005,95.9854006053,1037.695639044,19.67834894697,0,922.7091969539999,6042.91515339,1479.056637594,1042.790046807,4493.555245920001,817.018539489,264.6578667987,167.0073706485,2079115.787982,14417.90244048,2289.081359403,124.36783059334022,744.3858368127111,7.16877304595276,272.82283688610585,1103.1466447710277,128.467626296281,46.24879319412964,0,107.9614596675856,67,male_67,0.004133677314492121,2.0132257113996235e-5,4.047706388820854e-6,4.5308145668321146e-006,1.9776101905658525e-5,1.4089409466220008e-7,0.0017296111342082609,1.6656939272222643e-5,0,6.339150921583402e-4,0.002563206639758401,5.822116635686395e-4,1.799664939429274e-4,9.518924735386548e-4,2.5085289573210153e-4,2.9849981802281293e-4,2.889737739404217e-4,0.014315425634737883,4.2560105527404885e-4,1.0746097480141621e-4,0.01689322379885549,3.137299492639472e-4,7.068430019822175e-4,6.068014034744377e-4,6.49514873084313e-4,7.017657490075627e-5,6.837272527020932e-4,3.688747364792959e-5,0,0.0011910741930207598,0.0030275602060336145,0.004321611596224029,0.0035516224517527684,0.011426110943610379,0.001279000018936324,2.0385869603396154e-4,1.032604973577398e-4,0.20387781659570903,4.1307735592509027e-5,0.013290127522695134,0.34566668343875656,0.006395399857582926,0.01416737738677991,0.012301458111813046,0.01136856231935064,0.001407853514807106,0.005667952382958097,3.889814215509845e-4,0,0.013937040349831143,0.12050680792086434,0.03462200329126971,0.029146422923415034,0.20078405401554236,0.010819195268983959,0.0020270473209663257,4.327490915500792e-4,0.9971306296878135,6.987527919003859e-4,0.20751621116298044,0.061227996018092985,3.0237078647431866e-4,0.0014226615996742594,5.954592085291178e-4,9.084558381742632e-4,2.2302602951073818e-4,0.002411128533684658,4.572345383040679e-5,0,0.0021439528021132137,0.014040962113319845,0.0034366489822815656,0.0024229655998314423,0.0104409605894727,0.001898376208775572,6.149434480522101e-4,3.880485004998405e-4,4.830911119426128,0.03350058982819813,0.005318774767779681
male,70 to 74,342871.08377993683,2256.2708672168683,8.223625849799532,1.260221103504523,1.3403434028529975,6.914492359983638,0.04278296942135952,382.12402497023726,152.3185887371288,567.955014468537,7338.989576509437,259.40421232095304,8271.20752038,108.25774688189999,249.6225278577,209.53603209660002,223.1686362921,25.438518345779997,298.3571715462,17.33274871908,0,499.727184513,1441.25504778,2191.0012412309998,1934.958149289,4960.8628146,1125.239399931,96.85444328759999,42.0038502792,77701.7867895,19.45170804288,5016.79164261,153268.7833209,2283.4150936319998,5174.9429085599995,4389.79526049,4050.3702638699997,527.117176878,2410.582855818,181.4532654867,0,5750.63819283,56233.966331699994,15380.69400579,13961.610532079998,86070.3603792,8207.34212481,945.7466313450001,170.3920919601,342399.582576,337.595421408,79156.9920954,29686.69932846,108.8107732293,463.53027522599996,177.6371866677,301.469165631,70.105454493,1092.9384316770002,21.48635886468,0,924.087307566,6855.73718061,1472.832655401,1032.977619141,4003.2807821099996,1568.2041111029998,302.650227414,161.7855689304,1772752.240725,15795.940423259999,2973.145780428,126.70260529882461,808.2590611419083,8.210070087524018,303.1762113184844,1341.00734711968,151.1757080285724,59.29224723631303,0,216.36316688905475,72,male_72,0.006580522458595543,2.3984600156826464e-5,3.6754954358104e-6,3.9091759738866256e-6,2.0166449394786324e-5,1.2477858718706852e-7,0.002357326410356229,2.3945064124431807e-5,0,8.842279960624221e-4,0.003911112399260743,0.0011144830901386072,4.4424448704718025e-4,0.0016564681051758352,6.310335782877567e-4,4.409112205145906e-4,3.6953423981400977e-4,0.02140451593526558,7.565648565670388e-4,1.7292868964817186e-4,0.024123374386650423,3.157389234706724e-4,7.280361035575515e-4,6.111219114385436e-4,6.508820569871537e-4,7.419266175886407e-5,8.701730348823847e-4,5.055179494286135e-5,0,0.001457478358932529,0.004203489637828524,0.006390160456450853,0.005643398469061054,0.014468594901353667,0.0032818148078454074,2.824806403031746e-4,1.2250624875137945e-4,0.22662099682739922,5.673184168357746e-5,0.014631714017125753,0.4470157752330952,0.006659689899943712,0.015092969787680918,0.012803048924672458,0.011813099603551367,0.0015373625884891387,0.00703058079218244,5.292171724902914e-4,0,0.01677201276186038,0.1640090663574078,0.04485853352294272,0.040719708346828414,0.2510283440362737,0.023937107890024567,0.00275831551882049,4.969567281137708e-4,0.9986248440704336,9.846132770551077e-4,0.23086517306371895,0.08658268583393769,3.173518514006199e-4,0.0013519083327642328,5.180873951496941e-4,8.792493152455236e-4,2.044659284770582e-4,0.0031876074810043625,6.26659986249248e-5,0,0.0026951450597073453,0.019995087089380165,0.004295587248606536,0.003012728888517151,0.01167576086608518,0.004573742684318961,8.826939387173531e-4,4.7185538992328087e-4,5.17031713838778,0.04606961966322662,0.008671322608051249
male,75 to 79,245062.15147944208,2920.9391630283976,10.273292813628688,1.136130863562887,0.35353732899986107,7.060946365778994,0.03729114389165557,586.4021142194961,247.52714318977564,774.9692445465549,9513.824818200288,442.0265396646879,7679.44621689,78.25118511810001,179.7453421221,144.8453973888,157.7946743334,19.02035685939,291.5464565523,16.79261078955,0,500.26822306500003,1308.210453891,2214.9607644300004,2046.9956545200002,4277.19248151,1757.917693884,101.7437350518,38.0864468316,62565.200415900006,17.86704967818,4408.051285109999,129970.17293429999,1722.2816064059998,3889.4709686999995,3194.84319861,3017.30353866,408.46588404299996,2216.088778812,172.75043610630001,0,5469.09880599,51848.64891240001,13922.19135132,13262.19991692,74202.1060146,13062.02061804,944.5253287830001,129.6420999678,244887.2109297,315.396362418,69485.6505198,29676.60717186,105.71340257310001,389.02284197999995,128.1103700742,281.2532549892,56.3907495519,1133.920412382,20.63388204108,0,950.901572475,6790.157444699999,1340.10974865,931.268696553,2870.744090331,2518.193602911,344.73548625,155.05363893179998,1346724.5712569999,14448.856801770002,3794.5154928,132.12378260831315,863.66889741768,8.893596521605954,351.18242444840723,1628.378221951194,192.58042829721825,83.33642671871573,0,520.4301342058869,77,male_77,0.01191917701446211,4.192117286006321e-5,4.636092749141622e-6,1.442643537019297e-6,2.8812880010854417e-5,1.5217014812988723e-7,0.0035242851342147464,3.629118763511723e-5,0,0.0014330341194195688,0.00664475608379614,0.0023928709948859176,0.001010058638983835,0.0031623375534249563,0.0021236658988915517,7.858432121590737e-4,5.391439755616314e-4,0.038822089664867686,0.001803732387870466,3.4006241361880275e-4,0.031336728950305565,3.193115895118728e-4,7.334683917405279e-4,5.910557648921599e-4,6.438965518779312e-4,7.761442044217746e-5,0.0011896837385627762,6.85238854232401e-5,0,0.0020413932549146288,0.005338280293359556,0.009038363333783961,0.008352965328029122,0.01745350090043916,0.007173354527704248,4.1517522978384174e-4,1.5541545930969686e-4,0.25530339972204363,7.290823805437308e-5,0.017987483005835702,0.5303559613333559,0.007027937998620238,0.01587136546879734,0.013036869134310245,0.012312401243702935,0.0016667848608081187,0.009042966306438815,7.04924995815977e-4,0,0.022317190855352442,0.21157346656507062,0.056810859070940266,0.05411769968090135,0.3027889274889709,0.05330084853652219,0.003854227685021508,5.29017227610015e-4,0.999286138031981,0.0012870056045535786,0.2835429710394469,0.12109828871044384,4.31373845103813e-4,0.0015874456321854113,5.227668544522143e-4,0.0011476813261096092,2.3010795102984535e-4,0.004627072787603119,8.41985672471783e-5,0,0.00388024656902096,0.027707899419423875,0.005468448475457133,0.003800132704829872,0.011714351126848009,0.010275734493101632,0.0014067267595947773,6.32711489700633e-4,5.4954409039780865,0.05895996878564129,0.015483890392263682
male,80 to 84,176882.79893354673,3633.9418870730137,10.321874354647605,0.7366154012694403,0.18610244079985652,7.198552384171958,0.03732730370321238,812.7200561850517,458.94076838991623,946.4420770032157,11527.784936300439,741.48762928383,6770.85266643,57.5882801274,131.4259233642,100.7014774662,114.2689840689,14.31121450701,207.50633786010002,11.12304422775,0,340.431443748,1133.465888514,2194.2754240169998,2064.269422506,3477.09977334,3091.5539826599997,79.75774043339999,34.377623415900004,50731.4769831,22.17858221838,3948.84396117,103475.57578739998,1332.163185588,2999.25146265,2366.6687075190002,2315.587505997,319.890185781,1382.196127911,116.5479680826,0,3294.2937048900003,43610.5866864,12398.862570360001,12102.88333848,61200.913598700005,18919.26266508,674.725542096,137.8088713299,176817.0124845,399.501979938,62237.9587014,28900.44966651,110.4791460765,323.872387956,91.7487804183,282.0294757506,51.9884099271,883.0264583609999,14.42382340731,0,721.276542903,6180.31445859,1414.271397084,974.220121305,2057.660651271,3263.0316652499996,301.54889456399997,138.2757571068,1103658.396675,19462.1174253,2323.4834402610004,114.87901046440047,757.0722698911227,8.707793602144129,371.71889074380704,1947.6172605797897,200.4386754312132,104.73458335653345,0,1008.3238822768045,82,male_82,0.02054434862509301,5.8354313799192195e-5,4.164426420831231e-6,1.0521228854467275e-6,4.0696734942985543e-5,2.1102845459402705e-7,0.004280078529148263,4.9229171262806446e-5,0,0.0021014982405579102,0.011010778166798976,0.004594681117016829,0.0025946037215429643,0.005350673342515263,0.005700519713370335,0.0011331722283890147,6.494640019098718e-4,0.06517188220563676,0.004191971371746555,5.921128791945523e-4,0.0382787512819364,3.2557309401823407e-4,7.430113281595885e-4,5.693118724564769e-4,6.460152414923614e-4,8.090789264583377e-5,0.0011731289820784568,6.288369640695717e-5,0,0.0019246158801223912,0.0064080051613149384,0.01240525046667409,0.011670266611291736,0.019657647856682295,0.01747797977700177,4.50907272579762e-4,1.9435255221631452e-4,0.28680842506432386,1.253857489371383e-4,0.022324635210309765,0.584995129041772,0.007531332575127793,0.01695615108271094,0.013379869166408523,0.013091083587313344,0.001808486679935339,0.007814191861755188,6.588993886646153e-4,0,0.018624160883657415,0.2465507497016943,0.07009648561145927,0.06842317857615395,0.34599697634642607,0.10695931305444685,0.0038145345175676936,7.790970753559454e-4,0.9996280788779726,0.0022585688509377854,0.35185987035846394,0.16338756419931844,6.245895403204583e-4,0.0018309999045055588,5.186981491217198e-4,0.0015944426334895115,2.9391444640488516e-4,0.004992155617645698,8.154452266853206e-5,0,0.004077708783735252,0.03494016657273661,0.007995528144120611,0.00550771543179281,0.011632904181056319,0.018447422162716293,0.0017047949059042714,7.817365958730049e-4,6.239489669595485,0.1100283212536214,0.013135722943494988
male,85 to 89,97273.82029851223,3672.7115082656437,8.21787966358518,0.3875555128355227,0.12704473267262884,5.362624505670916,0.021768279211749265,888.7956801129762,525.0341840515712,894.2508265454981,11783.982478111135,1100.5381760651962,4142.4436950300005,32.8400373828,71.4857832384,51.9532819755,62.951779419299996,8.17207682475,139.0968868116,8.54886335166,0,274.5883612137,660.150871803,1544.9477352059998,1449.922579734,2079.443003985,2804.511159012,61.1911706076,22.96806894537,31643.806669799997,21.490266088560002,2366.084057919,58535.8968438,806.8837886460001,1745.979119607,1326.422791257,1373.473518978,191.6758399506,882.554364156,86.33192639789999,0,2438.737420266,24352.36904424,8189.943520229999,8021.25858417,37493.476569,17586.601128809998,485.731551858,90.475760151,97253.9739057,397.004630316,37466.329062599994,19937.39271714,79.09834161810001,186.5657351031,45.9253952997,193.2813322032,34.2566787681,619.78144026,11.965356454710001,0,611.335468101,4048.58048079,1150.333003245,788.399675808,1313.951580663,2651.8353731400002,244.41139740030002,96.0976156314,697809.450339,19282.083970530002,446.154220992,79.82116795037943,531.2590465110713,7.223133668847064,315.0183710851754,1856.9625415242933,162.4036199023078,103.53788002252867,0,1486.2151618796565,87,male_87,0.03775642302312061,8.448192574699227e-5,3.984170783528384e-6,1.3060526694927386e-6,5.512916516709415e-5,2.2378353337976387e-7,0.005461480230556924,7.425567996281872e-5,0,0.00323847022886993,0.01909005460899632,0.009137049181223223,0.005397487036495074,0.009193129495698189,0.015278675776470841,0.0016695511639609338,8.205822255713367e-4,0.12114238385979548,0.011313816735971545,0.001064396152066336,0.04258539124214244,3.3760406738443145e-4,7.348923175734813e-4,5.340931590438893e-4,6.47160553848041e-4,8.40110607321854e-5,0.00142995192729906,8.788452355860389e-5,0,0.002822839283694708,0.006786521489308637,0.01588246180179714,0.01490557865707857,0.021377211233234602,0.02883109916322361,6.290610404712962e-4,2.3611768176561775e-4,0.32530650664990873,2.2092548665829143e-4,0.024323955311490817,0.6017641402811779,0.008294973777835073,0.017949116362953252,0.013635968929630772,0.014119662564532861,0.0019704771475242615,0.009072886840957127,8.875145042413884e-4,0,0.025070850643904435,0.2503486443681133,0.08419473497696339,0.08246061026034034,0.385442624273835,0.18079480249506535,0.004993445825067786,9.301141856395641e-4,0.9997959739552602,0.004081310152080786,0.3851635408954225,0.2049615472689,8.131513841582902e-4,0.001917943949672895,4.72124926920367e-4,0.001986982022604454,3.521675067656816e-4,0.00637151330499846,1.230069551909334e-4,0,0.006284686529478786,0.0416204531534362,0.011825720422153442,0.008104952323128387,0.013507761663217994,0.027261552645944133,0.0025126123005167734,9.879083121902407e-4,7.1736614044516225,0.19822480407737122,0.004586580640329017
male,90 to 94,37647.37169233306,2322.2662974175073,3.933358709852592,0.2062519797252461,0.09261490524132841,2.5689643957052843,0.012610284062496004,572.7242299131386,343.5798032103122,513.2584325892994,7228.266414731542,735.6091232818632,1693.0928204729998,13.86459440094,27.62866846902,19.09182027153,25.291517343900004,3.3980052586500005,49.8374763447,4.57443558414,0,129.88323925289998,234.72304250189998,713.6300352540001,667.592108931,885.4249868460001,1485.136403697,29.53036936452,8.59546523079,13477.34486514,11.57034587919,911.1651685859999,22250.45431995,354.596543028,712.835320893,522.407898759,584.699668899,81.9349289658,292.5191640912,44.001212399399996,0,1039.87142445,7893.37856571,3606.73171542,3538.63840722,16334.559143729999,9502.6896573,212.5273861284,28.81925238681,37641.982833899994,217.85189940179998,14463.37719687,9186.78071112,40.9881780354,74.8096092558,18.04558959885,88.7880581526,16.20768223713,233.1542799036,7.29673984758,0,306.42156013199997,1760.3436110399998,585.298468719,400.266111552,756.4072672020001,1353.304366779,125.5053898965,37.1735394213,302462.470119,10718.39905236,21.03952679661,30.743572221766662,199.4875301912243,4.392386394163093,157.2562235778152,1162.276780817611,83.190558397247,64.17765743946538,0,1242.300812557992,92,male_92,0.061684685889783916,1.044789724498517e-4,5.478522681763986e-6,2.4600629759285315e-6,6.823754966747009e-5,3.349578867165409e-7,0.005298843484254446,1.166717939849599e-4,0,0.004177083724807293,0.030872720420329115,0.01521286092940652,0.00912626267825976,0.013633313814940906,0.0329983410982974,0.002209730843287232,8.16619350562197e-4,0.19199923101679867,0.019539454953017902,0.0017047048586537915,0.04497240429715843,3.682752281951078e-4,7.338804072382725e-4,5.071222614836105e-4,6.718003463984355e-4,9.02587645804238e-5,0.001323796963888703,1.215074354067482e-4,0,0.00344999487120507,0.006234779001842024,0.01895564027911494,0.017732768023935017,0.02351890575740559,0.03944860788248467,7.843939174785447e-4,2.2831514776210736e-4,0.3579889978849355,0.00030733475828662743,0.02420262365278371,0.5910227811329878,0.009418892397745102,0.018934530854332388,0.013876344490348289,0.015530955883915662,0.00217637846369196,0.007769975723186328,0.0011687724911845813,0,0.027621355162537716,0.20966612570506477,0.09580301501245347,0.0939943015448446,0.43388312143597946,0.2524130963234078,0.005645211779065084,7.655050297356902e-4,0.9998568596374509,0.005786642987514739,0.384180264031964,0.2440218346767326,0.0010887394310117884,0.0019871137317943256,4.7933199019375397e-4,0.002358413194902576,4.305129816122255e-4,0.006193109091625704,1.938180414614705e-4,0,0.008139255049095583,0.046758738576124725,0.015546861371950618,0.010631980230203288,0.0200919010597503,0.03594684850349334,0.0033337092140766724,9.874139348981551e-4,8.03409259458601,0.2847051087644139,5.588577861039562e-4
male,95 plus,8491.856253982503,794.7252393643837,1.1604302194406568,0.008015868384467266,0.05777841799420644,0.7927150842142034,0.008258849193494198,208.96976429202027,127.6488435930396,167.09403028145448,2375.8366751020785,294.1638947903536,406.50459608999995,3.61611247014,6.48755112366,4.27532812848,6.26201149389,0.866287202124,8.129861293769999,0.8258113142850001,0,20.89501550064,42.3246390075,185.54779919039999,172.998263061,230.03499522930002,393.899669178,6.19123126326,1.60231916916,3202.71568056,3.2833462188900002,200.2485788802,4680.5976942,93.4080917292,172.36428852929998,121.23578098290001,149.06214690029998,20.91583118124,26.80233753825,7.838409703589999,0,110.0069676231,1018.3048356,883.566189966,867.201078714,4338.47695443,2550.6930604169997,21.80928051906,0.8962564944420001,8490.92581491,62.4084075528,3161.8517933700005,2372.769421245,12.28494969789,17.311391712659997,4.66623895887,22.623705001050002,4.48549649073,45.841631412,2.5327390260450002,0,77.8455822036,427.451502966,162.299742648,110.86493389350001,231.5522669643,368.554531662,35.2225409673,8.14238931651,74810.1226812,3120.1475314500003,2.721834811167,6.688792476553048,39.10020989463627,1.5161722559858193,39.678070723476,394.51282356400486,23.244358926621054,22.362589524127603,0,417.1868777526227,97,male_97,0.09358675130560225,1.366521270183347e-4,9.439477241160307e-7,6.80397975025891e-6,9.335003567004995e-5,9.725611157891386e-7,0.004604436147432322,1.7854426766524293e-4,0,0.004672484971100142,0.046457783994987734,0.024608255020098557,0.015031912902809084,0.019676973477158292,0.04912787796625393,0.0027372529905602128,7.876714202994362e-4,0.2797782491887873,0.03464070587068603,0.002633415928777647,0.047869933726134115,4.2583298185766143e-4,7.639732621024378e-4,5.034621407392477e-4,7.374137416602227e-4,1.0201387967651117e-4,9.573715157928236e-4,9.724744385513023e-5,0,0.0024605945832915713,0.004984144542914351,0.021850087147127807,0.02037225523923199,0.02708889415331523,0.04638557900615302,7.29078669973534e-4,1.8868891809238362e-4,0.37715142423165643,3.8664646700186186e-4,0.023581249245273977,0.5511866374333524,0.010999725965143786,0.020297598472473522,0.01427671139935311,0.0175535409976344,0.0024630458354062356,0.0031562401360338927,9.230502105960576e-4,0,0.012954407650448514,0.11991545842788334,0.10404865126533741,0.10212149767694205,0.510898539102725,0.30036931668747663,0.0025682583250077862,1.0554306003727683e-4,0.9998904316035653,0.007349206779557974,0.37233929765204843,0.279417049733057,0.001446674240644219,0.00203858746484802,5.494957544390405e-4,0.002664164856822671,5.282115425147942e-4,0.005398305157426709,2.982550516981724e-4,0,0.00916708666224679,0.05033663903172338,0.01911239872576562,0.0130554416581777,0.027267567895500684,0.0434009385744319,0.0041478023077441235,9.588468142864982e-4,8.80963130365232,0.36742820864245274,3.2052294925394157e-4
